globalID_A,globalID_B
EH151184,EH151184
DD86797,DD86797
EH385104,EH255330
CC25806,CC25806
AM57296,AM57296
EM8972,EH12322
BJ31211,BJ31211
EH424512,EH152866
DS94541,DS94541
CW260613,CW262823
DL99603,DL99603
EP69010,EP69010
AY17504,AY17504
AP21240,AK78047
DL124427,DL177855
BN29489,BN34242
DL214155,DL88398
AD7718,CM13803
BY521180,BY521180
AK74639,AK74639
CW279038,CW246869
EL41838,EL61969
CN70617,CC75010
CG132906,CG132906
ES15089,ES15089
BN27520,BN45149
BN356600,BN356600
BE39265,BE433883
EH338388,EL37443
EF111615,EF111615
BN54486,BN31827
CW797915,CW797915
CW188641,CW188641
BL360265,BL360265
AN124301,AN124301
DH36777,CC19668
CW301224,CW325007
EH380532,EH380532
AL224155,AL224155
EH97855,EH97855
DE130417,BL259687
EH412551,EH404736
BL92893,BL92893
DL213448,DL213448
EG24586,EG24586
BY349286,BY122109
BL215160,EH201471
EH393953,EH1101589
BN81637,BN201794
CZ79263,CZ79263
BR55647,BY232844
BY515286,BY515286
BY503068,BY503068
CW887403,CW887403
CW163962,BL206966
CM55903,CM55903
DB184748,AM82571
BN72734,BN72734
CG43923,CG43923
EH170073,EH262897
BE144544,BE144544
EH264006,EH263426
AM84359,AP81513
CL20650,CL20650
BY335300,BY346477
BG38472,EH1035894
CW263666,CW518625
CB5668,CB5668
BN70274,BN70017
DR41900,DR52070
BN88149,BL74970
EH203578,EH203578
DL116841,DL116841
AM71277,BB81091
DT55952,DT55952
CL40838,CL40838
DD83466,DD83466
CW387787,CW330807
EF118685,EF118685
DL187092,DL164972
AP76261,AP76261
BN27507,BN67526
EG43869,EG43869
BB44966,EH695612
AK90987,AK90987
CG102338,CG102338
BL338442,BL338442
BL267975,BL267975
CC109715,DD117382
DG7559,DG7559
BM58573,BM58573
BK33455,BK33455
EH617805,EH283148
EM3445,EM3445
AK8150,AK8150
EH863013,EH863013
CN44511,AW69318
BG20523,BG20523
EP75638,EP75638
DN36257,DN36257
DZ47203,DZ47203
BN5662,BN5662
CM15628,CM15628
EH754253,EH754253
DE181659,DE181659
DT33606,DT33606
BD109966,BD109966
BY560392,BY560392
DL37750,AA25793
DR16863,DR16863
BY243289,BY558005
EH235225,EH235225
EH343822,AX30370
BH86420,BH86420
CP33037,CP33037
EH112343,EH112343
BY395889,CW339211
EJ22918,CD10452
CB8926,CB8926
BN30642,BN70729
CW56129,CW56129
DL182966,EB59493
BN342701,BN342701
CW37878,CW16170
DT70749,DT70749
EH872850,EH872850
BY122211,BY111914
EH72459,EH72459
EH616876,DL152874
CC98802,DH36071
EM100654,BY537128
BL51372,BL51372
CG6740,CG6740
CJ36460,CJ178544
EH487161,EH487161
BB32535,BB32535
EH852982,EH852982
CX12021,CX12021
BY553157,BY553157
CW807539,CW807539
EH508500,EH266072
CJ139422,CJ139422
DD40508,CC29546
DJ4365,DJ4365
CW855555,CW855555
AL17322,AL17322
DB84985,DB166078
AA157690,AA157690
CW511205,CW682610
DT134602,DT134602
DB170337,DB170337
EH101211,EH124765
BL246306,BL246306
DD14446,DD14446
EH141882,EH141882
EF9299,EF9299
BN104008,DA6575
DT80514,DT80514
DE212480,DE212480
AW121721,AW91519
EH161122,EH161122
EH51658,EH384299
DZ12438,DZ12438
BY440290,BN229222
BR36073,BR36073
DC6367,DC6367
AN60160,AN60160
BY553504,BY553504
DL189379,DL189379
BE169999,BE169999
DE217101,DE189871
DD32860,DD32860
CW16024,CW88389
EM70944,EM70944
BR166916,BR166916
CG132121,CG132121
DL143657,CS15465
DH44982,DH44982
AC13977,AC13977
BZ55150,BZ55150
CZ66335,CZ66335
EH356659,EH356659
BY532056,BY139783
EH95490,EH225089
DN120335,DN120335
CW457556,CW457556
EH799069,EH799069
EH52747,BR43001
BL188012,BL234357
CH39529,CH39529
BL149595,DE133725
AF17591,AA80927
BN19528,BN19544
AW36002,AW36002
EH35721,EH71088
BY355857,BY355857
CW675070,CW675070
CW684795,AN155794
BY100804,BY100804
CW126062,CW46279
BN406028,BN406028
CW830121,CW830121
BL345541,BL345541
BF9995,EM71447
CG112884,CG112884
CW73515,CW669973
EH188664,EH188664
BN120897,BN124864
EH273744,EH273744
BN334110,BN334110
BR45934,BR45934
DB194687,DB194687
CZ48669,CL23930
AK98013,AK98013
DR88468,DR88468
CW326789,CW449067
CC37456,CW685847
BG18988,BG18988
EM91108,EM91108
DL83668,DL83668
DE263521,DE263521
EM36513,EM36513
BN27520,BN68631
EN61592,EN61592
CW852300,CW852300
BL309129,BL309129
AM19800,AM19800
CW847537,CW847537
EH451406,EH451406
BE305918,BE305918
EL29259,EL50113
AL29975,AL29975
BC51873,BC51873
CM48747,CM48747
EH554470,EH554470
ED45159,ED45159
EH851699,EH851699
DB233480,DB233480
EH692451,EH324729
BY268691,BY268691
CW173259,CW386447
AM20394,AM20394
CW292798,CW292798
EH71674,EH71674
BG42398,BG42398
EH263622,EH263622
AN136076,AN136076
AL11180,AL51325
EH128906,EH128906
DN66117,DN66117
BL37460,BL37460
BY494466,BY494466
BN11668,BN31073
BE246629,AN128278
EH431830,EH384852
EF84531,EF84531
AL205851,AL205851
EH140420,EH140420
AN58414,AN58414
BN202483,BN193715
EN38325,EN38325
CW454615,CW455129
AN141865,AN141865
CP14553,CP14553
DW38568,DW38568
AW85425,AW85425
BE267686,BE267686
AP70439,AP70439
AK104387,AK104387
AW121721,BR60883
BN168019,BE191368
DW61362,DW61362
DE60658,DE176797
BJ36305,BJ36305
EF143185,EF143185
EF101776,EF101776
EH406151,EH424140
BR135346,BR135346
CW330807,CW268900
CM49534,CG136728
DL122853,CW1007473
CW654711,CW248570
EH392470,EH392470
BN257375,BN257375
DS90476,AY28673
EH149822,EH149822
BE5610,BE5610
AP11778,AP11778
EH406151,EH733600
DX30110,DX30110
BL360446,BL360446
BH10336,EF16909
AP80085,AP80085
EH39233,EH39233
BL291058,BL291058
DT61465,DT61465
AK91169,AK91169
BJ33458,BJ33458
CW877959,CW57325
AE19873,AE19873
CW554526,CW554526
DL216113,DL216113
DK22022,DK22022
AX15167,AK104601
AP66359,AP66359
BR135116,BR135116
ER18457,DZ30110
BH54524,BH54524
AL246500,AL246500
DE181406,DE181406
EF113510,EF113510
CW439843,CW439843
DE221451,DE149128
BL285413,AA111860
CW670848,CW134299
AA17187,AA175810
DL187488,DL146395
BY495142,BY495142
DE18272,DE264279
BY440290,BY250074
DT94358,DT94358
DE247408,DE247408
BL390173,BL390173
EF76911,EF67083
BN403504,BN403504
AS67392,AS67392
EF56801,DB167429
EA9119,EA9119
BN70118,BN13469
BY218124,BY200762
BN418987,BN503319
DJ7370,DJ7370
DT24997,DT50724
EH52838,BE6620
BN352105,BN352105
EH145756,EH136782
BD25132,BD25132
AN128489,AN128489
EH854558,EH854558
AA102802,DE231788
EG24644,DH23124
DE208823,DE208823
CC105135,CC105135
DL38442,CM42582
CW833515,CW127109
BN233128,BN233128
BY13892,BY60721
AW162013,AW162013
BY59173,BY59173
DB60813,DB60813
EH536815,BR72344
DG42794,DG42794
BN330729,BN330729
BX19521,BX19521
EG7806,EG7806
CW727008,CW696097
CW893608,CW893608
CW845296,CW845296
CW380521,CW390928
BL373619,BL373619
CZ78406,CZ78406
DL195483,DL195483
AW165631,AW165631
EH324838,BL191617
AA114304,AA63224
DZ57103,DZ57103
BG9345,BG9345
EH264006,EH274777
BN415521,BL378922
BL330746,BL330746
AW150550,AW150550
DZ44315,DZ44315
EH799735,EH799735
CM24302,BN252255
DE249426,DE249426
BE323476,BE160272
EJ12559,DX35199
BY241427,BY241427
DE145279,AX30332
DD63757,DD63757
EH444079,EH444079
EH710668,EH710668
AY20703,AY23665
BN415113,CC47827
AA164468,AA101097
EH365013,EH365013
BE59720,BE65948
BY58266,BY164782
DX47283,DX47283
EH235230,EH235230
BE298899,BE300039
CA63276,CA63276
EH177451,EH697975
BN101175,BN101175
EH874299,EH874299
BT8045,CH9663
CW417282,CW414528
CN60830,DE172261
DL192634,DL192634
EH167842,BN156422
BN173095,BX12719
BR98875,BR98875
CC99155,CC99155
EP73396,EP73396
EH682643,DB129090
CN60830,AM48415
BY416833,BY60721
AJ31072,AJ31072
EH54501,EH516580
DE119361,EH338993
ER35473,ER35473
AL74065,AL74065
AW74070,AW74070
DB41178,DB283658
EH121749,EH26678
CW890112,CW1203792
EH655123,EH655123
BR90216,DL152054
EM54760,DB120122
EH111674,EH76387
DR102880,DR102880
DB45099,DB45099
DE74678,DE137468
BY396944,BY463208
CW215935,CW215935
AL248813,AL248813
DR17273,DR17273
CW877800,CW877800
EH256026,EH256026
CW560654,CW700561
BY363492,BY698013
AK85536,AK85536
CW859910,CW859910
CB12624,CB12624
AL64809,AL64809
EH769098,EH769098
DR69681,DR69681
BH133772,BH133772
CW360264,DW31117
EH71160,EH71160
EH66996,EH66996
CZ46221,CZ46221
DT86644,DT86644
EF5002,EF5002
DL143657,BH183406
AK8547,AK8547
BE312062,BE312062
BD77931,BD77931
BN247206,BN247206
EN54326,EN52499
CW74997,CW123672
BP36191,BR70918
EH62398,EH62398
DL109223,DL109223
EH872049,EH872049
BX4481,BX4481
EH112755,EH213889
BR174743,BR174743
DA68469,DA68469
BE73353,BE62524
BH12182,BH12182
BR151076,CK12628
EL73291,EJ29352
CW228737,CW228737
CW578761,EF114412
BH74344,BH27210
BY485809,BY485809
DL14650,DL14651
DB56750,BN363207
BZ4949,BZ4949
EH467065,EH467065
EH852211,EH852211
DB227068,DB227068
DN125039,DN125039
BL24060,BL24060
EN60482,EN60482
BY419491,BR113162
BL353568,BL353568
DN86406,DT91133
EE3184,EE3184
BY528316,BY528316
CC92336,CC46412
DG38177,DG38177
AN115038,AN115038
EH798220,EH798220
CW183769,CW447201
AN53323,AN53323
DA49166,DA49166
ES16060,BW21844
AA56608,BN152665
EH712591,EH712591
EH251035,DL138341
BH109629,BH109629
CM40018,AD16965
EP70992,EP70992
AN124432,AN124432
BN12175,BN29841
CG5091,CG5091
AA156759,DX35199
DR99405,DR99405
DB223944,DB223944
DR79855,DR79855
AA11560,AA80927
DL6977,DL7489
BN191086,BN191086
EF3934,EF3934
CT47596,CT47596
CW730438,CW1112687
BL360850,BL360850
EH341554,EH341554
AN120836,BH88821
DD130267,DD130267
BE220966,AL202795
AN66283,AN66283
DR12032,DR12032
EH285114,EH285114
AL72001,CP26734
DL143657,CW632532
BY525683,BY525683
CN48797,CN48797
DL199747,DL199747
CG51813,CG51813
BD89655,AR9833
EJ9597,EJ9597
CW544637,CW544637
CG102077,CG102077
DJ3620,DJ3620
EA26759,AP44313
CW243960,CW243960
BL351731,BL351731
BH133702,BH133702
BN244605,BN244605
DD10750,DD214218
BY417179,BY417179
BY255784,BY255784
EH27379,EH27379
BY236768,BY417302
AK79136,AK79136
BE229347,BE229347
DR59777,DR59777
BW27889,BW27889
EF78240,EF78240
EH84894,EH84894
DE115038,CJ44525
CG128813,CG83502
BY403042,BY403042
BN377954,BN377954
EH93174,EH93174
BN300478,CJ51007
DE152723,CZ45249
BY443661,DR80186
CW868914,CW241149
BR168280,CC119514
CP37513,CP37513
EH118385,EH118385
DT109314,AK31375
CW871696,CW911237
CW686006,CW686006
BM27122,BM27122
DN116921,DN116921
BY515822,DY35226
CW293560,CW869389
BY96401,BY123309
EH681486,EH681486
EH301782,EH301782
BY100145,BY99264
BY449510,AG20383
BN6867,BN70017
AK31128,AK31128
CW560950,CW620780
CA80826,CA80826
CC112463,CC112463
AL245991,AL245991
EH873094,EH874964
EH626233,EH126454
DH42130,AM21022
BE85919,BE85919
BN146073,BN146073
EH483865,EH483865
DD132481,DD132481
BL100766,BL100766
DB163866,BB49478
CC42671,CC42671
EH236557,EH152993
BN389500,BN389500
AN37495,AN37495
EH734382,EH734382
CZ76771,DE237594
CC30929,CC30929
CW217501,CW246869
DB235482,DB235482
DZ26748,DZ26748
CW282194,CW459439
DX51161,DX51161
EN60830,EN60830
CJ111030,CJ111030
CM60653,CT38569
ER21352,ER21352
EH365078,EH365078
BN51984,BN41263
BE256326,BE256326
BR132735,BR126576
BN350403,BN350403
BL294831,BL294831
AM49764,AM49764
EH145673,EH145673
BK12314,BK12314
DE38601,DE38601
BJ15773,DD73336
ER12437,ER12437
DL122853,BP40638
BL306176,BL306176
CW323015,CW551876
BR109108,BR109108
DD63127,DD51425
BY127791,BY235255
DX3817,DX3817
BE279641,BE279641
BM45272,BM45272
BY292786,BY292786
EH683064,EH565073
BE19174,EH1307303
EH213327,EH213327
AL234675,AL234675
DD55234,DD55234
CW81095,CW144381
EH686958,EH1036247
EH833536,EH833536
BR114780,BR74127
DN35626,EH116584
BC28642,BC28642
BZ5606,BZ5606
DY11343,DY11343
BF23683,BF23683
EP38096,EP24258
BN48930,BN22398
AL230643,AL230643
EH101798,EH101798
BH140201,BH140201
BH91174,BH91174
CW861924,CW405944
BN52380,BN30402
CW648654,CW404142
CW378592,CW671074
BY398893,BY398893
BY127215,BY127215
BW46811,BF21557
EH600763,EH348961
BY71450,BY21340
CM37524,CM37524
BN60471,BN19088
BY524327,BY524327
EH788088,DT148550
BY346450,BY320599
DS9054,DP5150
BE317500,BE317500
BY141546,BY136729
DW60380,DW60380
BR157685,BR157685
DB223612,DB207981
EH682643,EH673073
EA23743,BN303475
BH140754,ER30679
BN379177,BN379177
BL45310,BL45310
DL113325,DL113325
CW867739,BY559571
AW129834,AW129834
EH260817,EH260817
BL50403,BL148365
DP30897,DP30897
EH64984,EH64984
CN41187,CN41187
DR36235,DR36235
EH246779,BM34428
BY126330,BY99842
DX44885,DX44885
EJ14913,EJ14913
EH666943,EH806292
BN276374,BN179144
DE115424,DB120122
AN53142,AN53142
EL40237,DN63705
BD78081,BD78081
CW807508,CW807508
EF90185,CJ51007
DR98960,DR98960
EH102005,EH102005
CW710020,CW710020
AM44015,AM44015
EN42434,EN42434
CW701555,CK12628
EF73584,EF54553
EH223439,EH223439
CW625558,CW313079
DT3613,DT3613
BB19271,BB19271
BL92569,BL92569
EH83155,EH83155
EH585030,AN147897
BN370368,BN370368
AP24493,AP24493
AW46185,AW46185
AW16208,AW16208
BN248334,BN450377
EH264821,EH264821
CW902187,CW648575
CG42204,CG42204
DW60577,DW60577
EH567526,AN110186
BY219816,BY325703
BN42396,BN42549
DE219508,DE219508
BY337371,BY337371
EH172403,EH172403
DY16519,BN199840
BY565052,BY565052
AK10405,AK168765
CW150698,CW1029710
CW42782,CW27700
CG33532,AT17674
AP72462,AP72462
DD18969,AN26644
BY429568,BY309758
BD106364,BD106364
AL239527,AL239527
BL322368,BL322368
BG37045,BG37045
BY549076,BY549076
CB45732,DB120122
CG89029,CG89029
EH870832,EH870832
EF90185,EM71447
AM51176,BL50762
EH110339,BE17413
AN160421,AN160421
CW493590,CW672964
EM66019,EM66019
EH158279,EH158279
DE52265,DE68823
CN69452,CN69452
CC43432,CC43432
BN150007,BN150007
BN370772,BN370772
DD123136,DD123136
DL10457,DL12818
EA20931,EA20931
BN227122,BN204687
BY55264,BY65454
EH655125,BH113598
CB23905,CB23905
CW57543,CW109721
BL48855,DY3378
DD64862,DD64862
EH861446,EH861446
DT63929,BB49478
AW157108,AW149469
BY526489,BY526489
EH584300,EH584300
CW224747,CW451161
CW876346,EF159377
EH740155,EH740155
BH98141,BH3600
DL198987,EM106401
EH473510,EH473510
DB175618,DB175618
AK106619,AK106619
BL379029,BL379029
BH56901,BH56901
CW385647,CW278122
AB30026,AB30026
DB173560,DB173560
CL5871,CL5871
CG50802,CG50802
BY490811,BY490811
EH330279,EH167737
AP17563,DE113875
DG6291,DG6291
CD21234,CD21234
EH773061,EH773061
BY446555,BY461401
AN114163,DW39053
AW102134,AW102134
EH317609,EH317609
CZ85842,CZ85842
CC76626,CC76626
BY443509,BY522095
BN41268,BN21433
EH494046,EH149964
DD134410,DD134410
EH836234,EH836234
DL105341,DL105341
EH85197,EH85197
CW59349,CW21094
BE37898,BE37898
AG25865,AG25865
BE201318,BE201318
CW384311,CW384311
CT31998,CT31998
DD103966,DD103966
DA25022,DA54146
EH203392,EH203392
AJ32118,AJ32118
AA142046,EF105027
CW637057,CW603681
AJ33775,AJ33775
EH772289,EH772289
BP48056,BP48056
BL39201,BL39201
CW442944,CW442944
BG23606,BG23606
EH285666,EH285666
BL235300,BN217390
EH751606,EH751606
CW877382,CW877382
EH574360,EH574360
DS94550,DS94550
BD22201,AS54808
EH283148,EH283148
BN65163,BN21244
AX52371,AX52371
BL50539,BL50537
EH202967,EH202967
BN339320,BN339320
CJ135040,CJ135040
CW862013,CW593881
DT133071,DT133071
DE154164,DE154164
BN140813,BN140871
BN27520,BN36861
ED3975,ED3975
AL57983,AL159873
CM53455,CM53455
DH35323,DH35323
DE42296,EH308859
BD4385,BD4385
CW853998,CW937476
CW159940,CW158067
BL228112,BL228112
EH68311,EH68311
BN94586,BN94586
DT109139,DT109139
EF117863,EF117863
EH436525,EH436525
BL184234,AN60411
EH76572,EH76572
CW410297,CW422606
AA94938,AA7099
DB181222,DB181222
EP61461,BB117664
BY209919,BY209919
EH85882,EH85882
BN40910,BN13995
BE322301,BE322301
CJ68656,CJ169942
CW190824,CW190824
CW282410,CW282410
ER37150,ER37150
BE142578,BE142578
BN182245,BN274306
AS17006,AS17006
EH483945,EH189363
BN364632,BN364632
BY290819,BY265318
EH56906,EH56906
EH77571,EH77571
CG75126,CG75126
EM55316,EM55316
CT24487,CT24487
EH327932,EF51875
AA143677,AA143677
AX56554,AX56554
BY180972,BY162808
CW225699,CW225699
BY125278,BY91571
DH40741,DH40741
CW94196,CW439433
AE26817,AE26817
BY261066,BY279239
DH26297,DH26297
EH519567,EH519567
CW19302,CW103341
CW356251,CW223887
CW95944,CW1108119
BL8699,BL8699
CL23893,CL23893
BC40794,BM31115
BY554987,BY554987
AM80968,EH775272
DR111676,DR111676
CM8023,DB96758
CW895719,CW386630
CW892720,CW892720
EC7120,EB36882
BY526634,BY526634
CC98152,CC98152
CW623949,CW623949
EH52747,EH52747
BM49578,BM49578
BD36863,BD36863
EH267171,EH267171
DW57177,DW57177
EP39998,EP39998
BE190903,BE190903
EH194434,EH303176
BE196841,BE196841
EH735696,EH15326
DL3314,DL37138
CM61001,CM61001
BR94308,BR94308
DT91119,DT91119
BY287711,BY287711
DT44163,DT44163
DK24848,DR68488
BL99694,BL99694
CW296127,CW360314
BL234476,BD115717
CM23836,CM23836
AN39316,AN39316
BC53504,BC53504
DX21910,DX21910
CW209393,CW354292
EH223522,EH406099
EA25600,EA25600
BY125278,BY193769
CH13405,CH13405
CG131812,CG131812
BN14048,BN14090
AN146776,AN146776
DN129464,DN129464
AK79491,AK79491
BR86235,BR13463
EH97944,EH97944
DE32682,DE132814
EH145890,EH99468
BA7357,BA7357
CW893573,CW893573
DX9381,DX9381
EF143299,EF143299
BL35981,BL35981
BY241382,DB61101
DL47210,DL47210
BN313794,BN198722
BK21044,CT26367
BM42678,BM42678
AL26250,AL26250
BG7869,BG7869
DD13695,DD69507
EH236575,EH112788
BE148190,BE148190
AA142046,DB59601
BN381794,BN381794
BN213729,CM37310
EJ8396,CJ44430
CG61402,CW272506
AA95806,DD17832
BL389447,BL389447
EH469271,CT26367
EH274586,EH274586
EH204819,EH1303533
DH17806,DH17806
EF105228,EF105228
EH619910,EH619910
BY435034,BY435034
EH479380,EH479380
BL117852,BL117852
CW222609,CW337480
EH277100,EH277100
AX50352,AX50352
BN186653,BN274965
CW529880,CW1064769
BE256494,BE301715
BY52894,BY54383
BN262519,DS72910
BM19284,BM19284
EH216295,EH216295
DY12357,DY12357
CG96423,CG96423
CC96064,CC96064
CW24784,CW24781
BN283834,BN199840
EH765047,DL117710
EH346152,EH346152
BR86764,BR86764
AT10960,AT10960
BL358310,BL358310
DY17439,DY17439
DR97876,DR97876
AM31689,AM31689
CM50801,CM50801
EH16330,EH16330
BT10120,BJ21707
BN418604,BN418604
CW708067,CW708067
EH244791,EH244791
BF9995,CJ51007
BN211279,BN211279
BE294429,BE294429
CW156789,CW327731
EH361204,EH361204
EH109416,EH109416
EH41205,BX11595
DN103394,DN103394
DK36222,EM71447
AN129792,AN129792
CW288583,CW357056
BB46606,BB46606
EH416887,EH416887
BY391069,AP51322
CA74273,CA74273
CW243960,CW434163
DR55984,DR55984
AW36789,AW60724
EH85428,EH751855
AW102178,DS74678
AS70495,AS70495
EH295475,EH295475
EH546420,EH380532
CG96493,CG96493
AL110892,AL214238
AM74552,AM74552
EH298037,DE266887
AR5789,AR5789
DN77917,DN77917
CW185619,CW1108119
DR59451,DR59451
BM11355,BM26895
EH438833,EH438833
BY208825,BY208825
CW652333,AW67975
BZ29379,BZ48536
EH771586,EH771586
BN415113,DB137426
AN56525,AN83528
BY208989,AJ19343
EP47191,AN56330
BN173095,EM2986
AH9448,AH9448
BN405266,BN405266
EG22724,EG22724
AP40606,DL126956
DB147746,DB147746
EH365082,EH63784
EK9246,EK9246
DB232192,DB232192
CP6186,BN31947
AB35602,AW103969
AW183737,AW183737
BR155015,BR155015
EH799974,EH799974
BL313447,BL313447
EH205016,EH205016
EF40595,EF40595
BN64809,BN30053
CG99316,EH436540
DH6488,CW331086
EH16235,EH16235
BD39830,BD39830
AN96449,AN96449
EH15746,EH15746
DX3522,DX3522
CE34627,CE34627
AW85272,AW85272
BR35993,BR35993
EM50115,EM50115
AS64549,EH1036247
CW555952,AW96803
DD66227,DD57254
DD65383,AA92912
EJ14240,EJ14240
EH215164,DE197762
BL318268,BL318268
CW717836,CW717836
AP6842,AP6842
DD132073,DD132073
EH189746,EH189746
CC104273,CC104273
BL365221,BL365221
AM64268,CC95200
AA156952,AA156952
BR37950,BR37950
BL294313,BL294313
CW62634,CW320188
DT41930,DT35645
EH447970,AL137617
DB170823,DB170823
EH782696,EH782696
AA62482,AA62482
BL168924,BL168924
DR33285,DR33285
EH220295,EH220295
DR61455,DN63705
CB45732,AN58164
EH246779,EH246779
AP17563,DT27871
DD121136,DD121136
DB230673,DB230673
BZ19490,BZ19490
BR161887,BR161887
BY255478,CW486443
CW241689,CW241689
BP47250,BP47250
BL297810,BL297810
DL213181,DL259416
CW810868,CW810868
DB218213,DB218213
CJ116432,CJ116432
DD118211,BY355857
EF45082,EF45082
DL190178,DL193009
DL102714,DL102714
BY185009,BY185009
EH640190,EH640190
BY360049,BY128000
CW690694,CW275423
CW130890,CW251705
CW87109,CW87109
AX28042,AX28042
BH8431,BH8431
AL38069,AL38069
EM26604,EM26604
CH42083,CH42083
BJ21707,EH497165
AW92439,AW92439
CW827394,CW827394
CW860561,CW860561
AW21140,AW21140
ED12162,ED12162
BY371944,BY371944
EH450387,EH450387
CW67531,CW67531
DL151162,DL151162
CW572589,CW928739
EF98055,EF98055
AX15167,CT49413
EH52525,EH52525
BW22681,BW22681
CS19687,CA57896
BL31426,EH23685
CG87048,EH551265
CW310220,CW123443
EH212481,EH212481
BR157543,BR157543
DA51226,DA51226
EH214722,EH214722
CX7065,CX7065
CJ30037,CJ30037
AA104937,BN144041
CW489977,CW119608
CZ76659,CZ76659
EH583132,EH609683
BN190308,CW121479
AL106817,AL83538
DN58579,DN58579
BY521547,BY521547
CW675295,CW675295
CF4591,EA12342
CW330807,CW510033
EG37568,CG42129
BN372670,BN372670
CR25110,EN33551
AB7723,AB7723
DP2235,DP2235
CW519512,CW519512
AL54503,AL54503
EH88960,EH88960
DA17048,DA17048
BR168202,BR74345
AA150365,AA150365
DE213812,AX47455
EM99471,EM99471
DZ30932,DZ30932
BL118780,BL118780
BM51628,BM51628
AN99575,AN99575
EA19949,EA19949
EH791092,EH791092
BN211775,BN396502
CW135409,CW840348
BN25565,BN25565
BL346561,BL346561
BJ21707,EA48386
CG127011,CG127011
EL15775,EL15775
EG4623,EG4623
BE142968,EP49431
EH448129,EH448129
AG33163,AG33163
AJ23024,CE7387
CW525213,AW150840
BM56337,BM56337
BT10120,AY18690
DN25944,DN25944
CW869741,CW869741
EH32335,EH32335
BL263536,BL263536
DL214768,DL214768
BL278487,BL278487
BL325056,BL325056
BR168420,DN159941
EH202639,EH202639
CW454265,CW454265
AS77372,DL279398
BM43410,BM43410
AA81482,DL87781
BN70261,BN47188
CW49777,CW49777
DB2981,DB2981
EH874425,EH874425
BL348929,BL348929
EH314501,EH314501
DE75987,DE87877
ER36683,ER36683
BR164946,BR164946
CW836880,CW836880
CS19977,CS19977
BD87891,BD87891
EF139046,EF139046
EH456740,EH881588
EF117863,CW486443
CM48728,CM48728
AN155941,AN155941
BK21187,BK21187
DX2255,DX2255
DE21251,DE21252
DJ10374,DJ10374
BD69656,BD69656
EH193196,DL94330
BH76474,BH113732
EH156999,EH156999
BN405743,BN405743
DR96982,DR96982
CW200812,CW200812
DE14430,DE77864
EH359746,EH510257
AD27113,DN50615
EH25324,EH25324
DB228222,DB228222
AP74486,AP74486
CS9931,CS9931
BL110517,BL110517
EH30435,EH440187
DB209192,DB209192
AN161670,AN161670
EN11107,EN11107
CW631451,CW631451
BJ22750,BJ22750
CN6314,CN6314
DY16838,DY16838
CG30232,CG30232
CW87262,CW87262
AJ32562,AJ32562
DR95339,DR95339
EH177451,EH510257
BY247087,BY247087
DZ37086,DZ37086
EH344811,EH344811
CW890090,CW890090
DT126338,DT126338
BN55094,BN71950
CG87048,DX46676
BY455157,BY213255
BL354464,BL340100
EP68482,EP68482
AW144770,AG48524
AM89871,AM89871
BY517179,BY517179
DD92332,DD92332
AN158802,CS15465
DY26502,DY26502
CC112641,CN58331
CW375716,CW105723
DL7847,DL15654
DS50716,DT85462
EG8975,EG8975
DR48492,DR48492
AJ36323,AJ36323
AL91901,AL91901
DE220408,DE220408
CW890641,DN129248
EH302603,EH302603
AW103630,AW47479
CW720187,CW720187
DH52235,DH46707
CM51820,CM51820
CG33532,CG33532
CJ50894,EH655676
EH650712,EH650712
BZ15446,BZ15446
AK99456,AK149426
DX44243,DX44243
BN41938,BN138789
CC21763,CC21273
DA89158,DA89158
DT47508,DT47508
CW463881,CW758595
EM31596,EM31596
AW165589,AW69522
EH438216,EH424440
CW802267,CW802267
AJ17410,AJ17410
CA60727,CA60727
BZ37921,CJ121092
AN135154,AN135154
CW321280,CW321280
EH872049,EH1276690
BM60760,BM60760
CB27259,CB27259
DD46404,DD46404
DX55906,DX55906
EH864747,EH864747
EH304748,EH304748
EH244823,EH244823
CW471503,CW632532
CH37296,CH37296
DB157106,DB157106
AA108793,BW40521
AE18850,EG24380
BR29666,BR117758
AN110474,AN110474
AE24118,AE24118
CW54680,CW54680
DN54173,DN45935
DL182020,DL182020
CW774514,CW839746
AM15379,AM15379
BY502143,BY517638
BL12551,BL12551
BN404345,BN404345
AM8873,CJ44430
BW41086,BW41086
AN127817,AN127817
BN135884,BN224001
BY556674,BY556674
BN203274,BN175679
BN47619,BN47619
EH645525,EH645525
EH365915,EH365915
DE201897,DE201897
BL337672,BL337672
AJ21948,AJ41793
BL381926,BL381926
DE217717,DE217717
AL254173,AL254173
DB93894,DB93894
EH374608,EH374608
BL316543,BL316543
EM101394,EM101394
BC36291,BC36291
BN412129,BN412129
AG38618,AG38618
CB45538,CB45538
AW155045,AW155045
DT67265,DT64758
BN357755,BN361609
CS15465,DB61101
EH745339,EH745339
BY196447,BY334951
EH719482,EH719482
BZ39424,BZ39424
DA9046,DA37368
EM92393,BC64602
BN11668,BN23365
EF162689,EF162689
DD72424,DD72424
CW776177,CW776177
DL185989,CC89170
BN83367,BN83367
CW883347,CW134100
AN43391,AN43391
AW182555,AW182555
BN167678,BN42925
EH521175,BR60883
CX12054,CX12054
CW35807,CW165783
CW480342,CW845296
BE311628,BE311628
BY567541,BY567541
CY25886,CY25886
AA64384,CW685847
EF46528,EF46528
BY520876,BY520876
AM81350,DW18182
AW18223,AW18223
AK69643,AK69643
BN5856,BN59674
AW103718,AW103718
CM50994,CM50994
AE18002,AE18002
DD21497,DD21497
BE216087,BE216087
BN159563,BN159563
DZ16058,BY521090
CW28081,CW28081
CP25992,CP25992
BN27120,BN22628
AL107137,AL107137
CW774535,CW774535
EH728914,EH728914
BN362749,BN362749
DY17490,DY17490
EH654450,EH654450
AN125609,AN47393
DE222484,DE222484
DY33109,AL105183
BD50393,BD50393
CW85484,CW85484
CW410480,EA16361
DL164472,DL260505
EH382679,EH69401
DR88141,DR88141
CW456240,CW21058
DR12680,DR12680
EH177451,EH158425
EH874836,EH874836
BH147816,BH147816
AK75082,AK75082
EH565918,EH565918
EH359746,EH158425
EH496894,EH406099
CC83627,CC83627
CW783704,CW783704
EH221677,EH221677
CN74545,CN74545
AW69522,AW69522
BY173290,BY115266
CW148980,CW862640
CW444363,CW444363
DL5795,DL28282
BY359354,BY359354
BL281013,BL281013
BW40357,BW40357
BN155798,BN245085
CW112319,CW71293
DD131534,DD131534
BP6495,BP6495
BJ15370,BJ15370
BN12769,BH7625
DR42151,DR42151
CG69068,CG69068
AL47539,AL47539
CN22743,CN22743
DH51768,DH51768
BN415875,BN415875
DX48815,DX48815
DD92538,DD92538
DE198872,DE198872
EL48033,EL48033
CW69767,CW148082
AA71265,AW91519
AS78194,AS78194
DH25307,BN125902
EP51821,EP51821
AW130203,AW130203
EH100221,EH100221
EH290477,EH210460
AN153971,AN153971
EH79865,EH79865
EH470164,EH470164
CW307897,CW307897
BE276331,BE276331
EH572320,EH85900
CM11463,BH38183
EH369371,EH369371
AK86700,AK86700
AP46616,AP46616
BE317309,BE139041
AL82414,AL82414
EH733972,EH845815
DZ16058,BY294500
CN56110,EB47668
BE254763,BE254763
BP48046,BP48046
AN143069,AN143069
BY144295,BY268744
EH440614,EH270379
BY528576,BY528576
BF4036,BF4036
EH843507,EH843507
EH761103,EH761103
BY515899,BY515899
BN415113,BN155572
CW532395,CW532395
CW207109,CW415713
BN270769,BN270769
CW116540,CW226044
BB90732,BB90732
BL163339,BL163339
AS28878,AS28878
EH677292,EH229030
DX44178,DX44178
AA149171,AA149171
AP75972,AP75972
BY227095,BY38955
EH175128,EH175128
EP27097,EP27097
DL143657,DB120122
CW870118,CW870118
ED44106,ED44106
BY472333,BY472333
BW51023,BW51023
CW283067,CW283067
BN214256,BN69487
BL187270,CW898660
CW259281,CW259281
DN28954,DN28954
EH843239,EH843239
DT109314,EH412831
BY107997,BY135275
BY374568,BY450935
EH858016,EH858016
DE113907,DE91290
BJ5760,BJ5760
BR22932,BR22932
CH6861,CH6861
EH598215,EH598215
CN44661,CN44661
EH205846,EH205846
BY303838,BY303838
EK15244,BP34157
DA64517,DS77152
BL89741,BL89741
BR60804,BR60804
CW331964,EH436540
BN312817,BN312817
BE77628,EH30179
CW718547,CW718547
BD83000,BD83000
BY525959,BY525959
DX40989,DX40989
EH461045,EH461045
EH392100,EC13550
EH263379,EH382776
EF108601,EF108601
BN73473,BN70729
EK19443,EK19443
BH147718,BH74722
CJ47276,CJ47276
AA96369,AA96369
CW83285,CW158455
BG39385,BG39385
EE3088,EE3088
AL46154,AL46154
BN211513,BN211513
CW343873,CW343873
DH37601,DH11537
AC11594,AC11594
AL70450,AL71900
DG46040,DG46040
EH111035,EH111035
BE226658,BE226658
BN327352,BN327352
AL121249,CW685847
EH541559,EH541559
DT126485,DT126485
BN10794,BN8551
BY131852,BY324950
AM43545,AM43545
AW156291,AW156291
BD112527,BD112527
DE263705,DE263705
EB64095,EB64095
BL23487,BL469789
DL52987,DL52987
CZ75654,CZ75654
CN58037,CN58037
BN263356,BN147431
EH760761,EH760761
DL65294,DL65294
DL202015,DL202015
EH174459,EH174459
DB169523,DB169523
DD100706,CR5210
CW147376,CW147376
CW257186,CW257186
CN58251,CM37929
DX47930,DX47930
BN252750,BN252750
DD123962,DD123962
EN55175,EN55175
CJ66990,BY198628
DN70366,DP33811
DE138522,DE150159
AN7399,AN7399
CW53789,CW53789
EH489033,EH489033
CW747693,CW747693
EH593946,EH254108
DE235340,EH288796
DT41930,AD25628
DE190936,CW419017
BL15723,BL21114
BL285849,BL285849
BH136983,BH136983
CW693907,CW685847
BR159148,BR159148
AP40606,DB61101
EH195826,BR132489
BN50630,BN50629
CR19980,CW1233869
AK105492,AK105492
BH78567,BH78567
BE277164,DY16519
BR38467,BR38467
EH349113,EH349113
BR7948,BN104008
CW179304,CW265901
BM24614,BM24614
DE174719,DE174719
EH445584,EH441219
BN152335,BN152335
EG45558,EG45558
DL40646,DL40646
EF3546,EF3546
BY175004,BY175004
AW106336,AW106336
CW871347,CW871347
BN274055,BN303475
CW579900,CW487226
DD19837,DD19837
EH15177,EH493615
DB208218,DB208218
EH167842,BH141639
EH200172,EH200172
CW839277,CW121773
DR4936,DR4936
BJ22258,BJ40182
EH103855,EH103855
BN315465,EL24131
DE122145,DE122145
BB24924,BB24924
CM61727,CM61727
AE18781,AE18781
EF43091,EF43091
AW41259,AW41259
BE269239,BE269239
BX17808,AS44574
CW50188,CW134553
EH578412,BG36201
EP61461,EH197180
AA43876,AA43876
DD142904,DD142904
DJ3093,DJ3093
DE208749,DE208749
AL238128,AL238128
DB132033,DB132033
CW355050,CW399814
BL104793,BL104793
DW57811,BN252255
EH205963,EH1255547
AM80968,EP79569
AL248843,AL248843
BZ33022,BZ33022
BL45925,BL45925
EH691570,EH691570
AA123702,AA123702
ER28019,ER28019
CW209342,CW209342
BN409488,BN409488
AK54006,AK54006
CW85414,CW492391
BY510691,BY510691
BN172488,BN172488
CW330776,CW330776
CW77002,CW302692
EF21229,EF21229
DG16008,DG16008
DY11618,AA91846
EH117259,EH117259
DE21452,DE174707
DN94764,CM46397
AK55284,AK55284
BZ31758,BZ31758
EH299252,EH174459
AL199582,AL199582
BN406893,BN406893
EH14036,EH14036
CW88905,CW377263
AA158915,AA158915
EH435666,EH435666
EH278492,EH278492
BN363927,BN24021
EH215212,BP32359
BY441174,BY441174
DW28222,DW28222
CW831822,EF113861
BE212415,BE212415
CW805748,CW805748
CW682500,CW682500
EB60072,EB60072
BB32936,BB32936
EA13717,EA13717
BY241382,DL126956
EH788738,EH788738
CW727609,CW727609
DP18207,DP18207
AZ11218,AZ11218
DD133663,DD133663
AW164932,AW164932
DX12626,DX12626
CW887005,CW165661
CD25933,CD25933
EH865810,EH865810
BY430813,BY48248
AL19798,AL19798
CW778331,CW778331
AL225521,AL225521
AW68660,AW64285
CW522338,CW636019
BL31444,ER13732
CB58007,CB58007
EL39217,AA140272
AL73840,AL73840
EH152758,EH552546
AX51796,AX51796
BN42859,BN42893
BM5637,BM5637
BL309133,BL309133
EH492459,BL258651
CD22267,CD22267
EH625018,EH625018
BE178774,BE178774
AN85081,AN85081
CW871332,CW1211081
AG22010,AG22010
EH206768,EH206768
AX19272,AX19272
AL72001,BB32460
BE256285,BE256285
EH751054,EH653933
CH33869,CH33869
AP40606,CP26734
BD116156,BD19353
AJ32848,AJ32848
BL231785,BL14529
DB7445,DB7445
EH182256,EH182256
EH473673,EH300662
BC10872,BC10872
DD126895,DD126895
BN68450,BN66390
BN45929,BN64240
DR87477,DR87477
EJ12559,CB79162
BL153036,BL153036
CA94927,CA94927
DL213541,EP83577
EH195618,EH436540
DK2569,DK24775
BM27788,BM27788
EH381091,EH507302
AZ15422,AZ15422
CZ6003,CZ5969
EH635589,EH304960
EA10550,EA10550
CJ63602,CJ63602
BY525518,BY525518
EH167905,EH334097
BN35380,BN35380
DN94464,DN94464
AP11569,AP11569
BJ29884,BJ29884
BY74890,BY155369
EH17799,EH17799
BL120472,BL120472
EH867545,EH867545
BP53100,BP53100
EN16304,EN16304
EP85102,EP85102
DE260471,DE260471
CL38773,CL38773
EH497055,EH497055
AL105183,AL105183
CW870165,CW870165
BL164136,BL226813
DZ22469,DZ22469
AA156759,AA156759
BY52334,BY100688
AR5715,AR5715
AX12029,AX12029
EH387735,EH387735
EH246047,EH246047
AL128163,AL128163
AL249717,AL33809
EH35651,EH1025861
AE10421,AE10421
EH355397,BY346630
BN47434,BN217776
DG12105,DG12105
EH459297,EH459297
BP25033,BP25033
CL33797,CL33797
DX9174,DX9174
CJ67136,CJ191264
BH141253,BH141253
BZ3085,BZ3085
BD111234,BD111234
EH168471,EH226452
CW128986,CW128986
EH851096,EH72717
BS6339,BS6339
DY29794,DY29794
BN27070,BN47796
CB50402,CG42129
DW9456,DW9456
EH861358,EH861358
BN39218,BN39164
CW367618,CW666114
EH381346,BH103560
DE190225,DE190225
EB43045,AR8494
DS89441,DS89441
BH48024,BN122729
BD90972,BD90972
DA21296,DA21296
CM55972,CM55972
EH289097,EH352380
AS12868,AS6998
BD114768,BD114768
BH111834,ES5572
DE193641,DE193641
DZ46157,DZ46157
CW700617,CW700617
DB232723,DB232723
EH689523,EH1051773
EH691222,EH691222
BM57903,BM57903
BE29785,BE71608
CN50884,CN50884
CW174171,CW174171
BY556927,BY556927
CZ55544,CZ55544
EH364332,EH364332
AH4939,AH4939
CW88905,CW895570
AP21233,AP21233
BY364990,CW7695
DE167204,DE167204
EH566601,EH566601
CW296489,CW322672
BH91771,BL231720
BE53947,BE42408
EH441050,EH429420
BP36191,BP36191
CG8807,CG8807
EH155540,EH155540
DB35536,DB35536
DL198831,DL191405
EP18724,EP18724
CW248544,CW248544
AN21815,AW175117
BN410597,BN410597
CW493590,CW202482
CW602093,CW602093
AM48415,AM48415
DL7366,DL7366
CW525154,CW523357
BG39746,BG39746
DR64206,EH1161520
CW784663,CW784663
CW322729,CW390928
EH864201,EH864201
BE24691,BE24691
DS70737,DS70737
BH105902,ES5572
EH85181,EH85181
EH69518,EH69518
BY478492,BY478492
CW761052,CW761052
CM56343,CM56343
DL8099,DL30320
BE175592,BE175592
BE262610,BE262610
CW470375,CW470375
BM63361,BM38954
DM22871,DM22871
EH338580,EH338580
AN146258,AN146258
AL46234,AL46234
EH173206,EH173206
BE169629,BE169629
EH869672,EH869672
EF54904,EH673073
EH495281,EH495281
BY455157,BY110872
CG84225,CG84225
EH144387,ED37633
EH445479,EH438407
DR34031,DR34031
CW144381,CW144381
EL69456,EL69456
EH118070,BL125490
DR111649,DR111649
BN374114,BN374114
BN374660,BN374660
CW481656,CW958548
DL16880,DL12491
AW139898,AW139898
BY469868,BY744498
DZ49571,DZ49571
AG42976,AG42976
CJ111461,CJ111461
CW69767,CW310941
BR83997,BR83997
EH170517,EH170517
EG5659,EG5659
BL190973,BL190973
BY267816,EH755313
CC118634,CC40227
BR5129,BR5129
BY519549,BY519549
DY20516,DY20516
EH129881,EH129881
DP14891,BN255945
AS61559,AS61559
EP83074,CW1296865
AX58483,AX58483
BN384939,BN384939
CG82837,EH1232301
EH669343,EH545178
BY281907,BY265318
DE245552,DE245552
EH875240,EH875240
AL69748,AL69748
CM24302,AL71663
EH9013,EH466051
CC50461,CC50461
BY285161,AN118728
BA4103,BA4103
BD109319,AS72572
EH396970,EH507302
BY189663,BY201400
BN341406,BN341406
DD20108,EH384210
DB191043,DB191043
DB163866,DB119376
EH354167,EH354167
BN314785,BN314785
DE59751,DE126410
EF117863,EP29500
BN108485,BN373040
DS57632,DS57632
AA163595,AA163595
BK40390,BK40390
DP19368,DP19368
EP33730,EP33730
CW897886,CW897886
AN99575,DD64311
DP38583,DP38583
BJ11380,BJ11380
CW821971,CW857610
EH311261,EH311261
EB39055,EH470220
CW473960,CW167355
CG43819,CG43819
EH79516,EH79516
CS26529,CS26529
AW129404,AW129404
BJ31098,BJ31098
BL147271,BL147271
EH169563,EH169563
EH63774,EH63774
BD49607,BD49607
AJ11844,AD31684
CW112319,CW738055
BY91807,BY91807
BD95517,BD95517
BH105902,CC151848
CT36862,CT36862
AL83880,AL83880
BD20353,BD20353
EH32288,EH32288
EF163049,EF163049
BN35075,BN3717
DJ2526,DJ2526
EH756945,EH756945
BF3094,BF3094
EH308175,EH308175
DE168981,CW750848
DF15418,DF15418
EL72442,EL72442
BD39237,BD39237
BL371348,BL371348
AN157020,AN157020
BL336086,BL336086
BK15464,BK15464
AL33251,AL33251
BN332834,BN332834
BL237803,DL126956
EH381091,EH638428
CM39239,CM39239
CG133027,CG133027
BN262729,BN262729
AP70100,AP70100
BH141450,DX33199
EH848865,EH848865
EH642809,EH642809
AX53204,AX53204
CW381520,CW165783
BY187085,BY187085
EH329845,EH329845
BR27074,EH326428
BL299252,BL299252
BN9718,BN15354
AW49457,AW110249
CW134292,CW321378
DB223288,DB223288
BL177805,BY242424
BW16766,BW16766
BP54449,BP54449
CB38119,BC51012
EH490223,EH490223
DB175578,DB150278
DN35404,BL103680
BL173204,BL173204
CW25485,CW25485
AN129453,AN129453
EH388108,DB139738
BW2679,DL32388
EH583132,AA140272
CW224258,CW678502
CW882313,CW882313
CW579749,CW446388
DT51012,DT51012
BY564550,BY564550
BL61375,BL61375
AN115783,AN103395
CG38907,CG38907
CZ61249,BW53894
CH43012,DD58094
CG40479,CG40479
BL61845,BL61845
BH111912,BH111912
DB154356,DB154356
BG37460,BG37460
EE2987,EE2987
BN6983,BL5693
BG14878,BG14878
BE54040,BE54040
CW801384,CW801384
DP37161,DP37161
DE189907,DE189907
CW125833,CW101700
CG89448,EF108848
AA76434,AA76434
AN160285,AN160285
EM62600,EM62600
EH437116,EH437116
BK23257,BK23257
AB36597,AB36597
BE3109,BE3109
BN40791,BN40791
EH127518,EH127518
EN64738,EN64738
BC14427,BC14427
DE216778,DE216778
BY87441,BY172468
DX54601,DX54601
AA102375,EM42835
CG3155,AW155487
AS71941,AS71941
DX3117,DX3117
EH559444,EH1280360
EH627226,EH627226
EH177250,EH182256
CW778100,CW778100
CW782135,DM29162
EH733559,EH733559
CG81865,CG81865
CW187376,CW54142
EH57820,EH57820
AW111195,AW111195
BN18526,BN18526
BE21787,BE21787
EH519103,EF41755
DT90126,DT90126
BL63248,BL63248
AS4102,AS4102
AW49405,AM39243
EH466051,EH466051
CW594096,CW658368
BH128323,BH128323
EH703984,EH703984
DR64968,DR64968
BE13288,BE149666
CW166497,CW256137
DS45681,CN28130
CB28205,CB28205
CE33236,CE33236
EH185142,EM17721
EH324387,EH664949
EH24371,EH24371
CE39626,CE39626
BL322047,BL322047
EH633510,EH633510
DR86109,EH493601
EF5393,EF5393
AP12105,AP12105
BN337608,BN337608
EH751372,EH270529
DM26518,DM26518
EH686661,EH686661
BF18621,BF18621
BL132338,BL132338
AL240954,AL240954
BY58930,BY58930
EH445511,EH224299
DZ45772,DZ45772
EP79429,EP79429
EH779684,EH779684
CW60394,CW60394
BH51582,BH51582
AL87329,AL87329
EH853476,EH853476
BY296627,BY296627
CE12454,CE12454
EH292315,EH292315
BL14729,BL14729
EH42712,EH42712
BL67162,BL83084
DY35697,DY35697
AW119465,BL340145
BE320768,BE320768
DL143657,DB74712
BE180827,BE346522
DB232596,DB174357
CW654771,CW486399
EH264006,BY521090
BY170510,BY54383
CW778042,CW778042
EH544877,CJ169942
CW310831,CW287241
BY267940,BY267940
BN53172,BN53172
BN329199,BN347430
CW124740,CW144381
CW413309,CW710906
BY36284,BY305689
EH419249,DT66358
AN128660,AN128660
CW309144,CW455129
BN204307,BN137720
AS47556,AS47556
AW21540,AW21540
DT65968,BJ8994
CW385157,DB132267
BE59720,BE19298
AL45128,AL45128
EM45441,EM45441
EH237711,EH237711
BN53025,BN53025
CW740471,CW740471
CN71453,CN71453
AL40987,AL124541
BR124830,BR124830
BH91392,BH91392
AP34691,AP34691
EH207545,EH207545
BH74973,BH74973
BY559571,BY559571
BN22807,CL16340
EH175582,EH175582
CW74739,CW74739
BP10168,BP10168
BL34494,BL34494
BL167111,DE87516
CW768042,CW768042
BE274934,BE274934
DB40969,DB84870
CA59633,BL396862
EH342633,EH342633
EF114388,EF114388
AL71608,DW33561
DB229260,DB229260
DE136693,DR50662
EH270508,EH270508
BM39077,BM39077
AN103416,AN103416
EH95704,EH95704
CW172373,BN244605
DB127554,DB132206
BH110298,BH110298
BH116672,BH116672
AS71887,AS71887
BL270851,BY329603
BL185570,BL190880
DM6125,DM6125
DD100131,DD100131
CJ137418,CJ137418
BN30927,BN71861
EH260033,EH260033
BF6816,BF6816
EH870271,EH870271
BN102164,BN114381
EH359676,AW63524
EN38255,EN38255
DT119961,EP79569
DL186086,AL268141
DS74856,EH299252
CW111299,CW192767
AA133924,DH36071
CE39568,CE39568
CC53444,EG6176
BZ2182,BZ2182
EH851118,EH851118
CW95392,CW95392
BR114997,EH608667
DA43219,DA43219
DT88966,DT88966
BE56055,BE3109
CW428892,CW428892
BP32939,BY454379
BN117904,BN117904
DE200561,BL272178
AK78722,AK78722
BL210684,AN90956
CM18499,CM18499
AW169604,AW169604
DB162749,DB162749
BN238422,BN238422
CW137512,CW329860
AG49890,AG49890
EH364132,EH364132
BE313888,BE313888
EH431037,EH431037
DN94764,CJ98908
DN60892,DN60892
BN417776,BN417776
AN135062,AN135062
BY497810,BY497810
DE164919,DE164919
DR87746,DR87746
BY164376,BY47868
BL184234,CJ51007
DL167156,DL167156
DB140374,DB140374
DN74254,DN74254
DB180859,DB180859
CW320716,CW320716
CW870878,CW870878
BE93967,BE93967
CW168027,CW526823
DZ58422,DZ58422
CW319027,CW291294
BE107495,BE107495
BH76474,BH83803
AL119520,AL119520
EH667579,EH667579
EE4083,EE4083
ES4219,ES4219
CS15465,CP26734
BL389045,BL389045
CZ56809,BY355857
AB5589,AB5589
BN415522,BN415522
BN400806,BH143206
BH89017,BH89017
DB23448,DB190638
BL210839,BL210839
CW862013,CW710508
BY153685,BY520622
EN63628,EN63628
DR60223,DR60223
CW75249,CW75249
BY263589,BY263589
BY381295,BY381295
EH120918,EH120918
EH405643,EH405643
EH277797,EH277797
BH3355,BH3355
EH178153,EH291611
CW875832,CW556736
CG130468,CG130468
CW483847,CW483847
BL347279,BL347279
DB111151,DB111151
DL174500,CW896498
EH176252,EH176252
EH607808,EH607808
EH701181,EH701181
DJ2926,DJ2926
CS25821,CS25821
AW54972,AW54972
BA5359,BA5359
BZ13622,BZ16744
CW134866,CW134866
EH320145,EH320145
EF151460,EF151460
BN69393,BN69393
EH159350,EH159350
AN148542,AN148542
DG31287,DG31287
BN17181,BN32485
CW447514,CW447514
BL93371,BL93371
EM57791,EM57791
EH107743,EH107743
DH5581,BL243506
CE27955,CE27955
DT10788,EB33381
BY445224,BY445224
AA74716,AA74716
CW197182,CW304670
DP44806,DP44806
CW826626,CW826626
AP81870,AP81870
DD120971,DD120971
EH720286,EH348515
EA15674,EA15674
BL159999,BL159999
EH414984,DB170393
CW439569,CW439569
CW705986,CW705986
EH145787,EH145787
EH215164,BB49478
CZ35892,BL191617
CW368359,CW197335
BN16431,BN16431
CW875853,CW875853
EH834900,EH834900
CE18108,CE18108
CA8095,CA8095
DX18035,DX18035
BL172764,EH163167
EH529228,EH141405
BE161740,BE161740
AK66066,AK66066
DB186016,DB186016
DE138522,DS77152
EN35849,EN35849
BL186582,BL186582
DL193030,DL193030
EH348712,EH348712
BE75924,BE467718
CW469879,CW469879
DL210767,DL210767
AG46655,AG46655
BC58554,BE364626
AA99746,AA99746
EH216273,EH129486
DL143657,CK12628
CW843783,CW843783
EH281005,EH281005
AT15928,EH610765
EH6417,EH69301
DA12353,DA12353
ED10479,ED10479
AG33292,AG33292
EH235850,EH235850
BW48452,BW48452
EH70363,EH70363
CW369581,CW369581
DX14830,BH80712
BN420677,BN420677
DZ49247,DZ49247
AW40611,AW40611
CH41151,CH41151
BN339230,BN339230
EF62852,EF62852
DN107072,DN107072
BM25726,BM25726
BC4487,AN229387
CB34705,AN13796
EH51187,EH51187
AK108651,AK108651
EF54904,AL257572
AS17641,AS17641
BE215196,BE215196
EH320120,EH320120
CW447890,CW447890
BH8418,BH8418
EH716827,EH716827
CW365748,CW286322
BN6983,BN26834
CE35564,CE35564
DL203585,DL203585
CM56152,CM56152
EH215212,EH404939
EH200494,EH200494
BF22956,BF22956
AW65904,AW65904
BZ35044,BZ35044
CW399299,CW917092
DT48736,DT48736
AP79224,AP79224
CC74574,DB91865
BN385420,BN385420
DE53750,DE53750
BN267616,BN499091
BY364698,BY364698
EH817734,EH817734
BY503995,BY503995
BY288770,BY288770
DD20108,EM71447
DB213497,DB220364
EH7348,EH7348
CM48551,CM48551
CM50850,CM50850
DL110549,DL110549
DD12420,DD12420
BD107384,BD107384
CW390024,CW267489
AS3636,AS3636
DN37341,DN105363
EH120358,EH11498
BL35870,BL178948
AA150979,AA150979
AW143264,AW143264
BY367571,BY367571
EH762174,EH383814
BL283062,BL283062
AP81680,AP81680
CW809456,CW623626
ED32498,ED32498
CY21288,CY21288
EF58780,CW214732
BL287533,BL287533
BE106919,BE50854
BR129320,BR129320
BN70274,BN8551
DL186086,CK12628
AG25068,AG25068
EH193076,EH219679
EH841766,EH841766
BP50761,DE150159
EH5137,EH5137
DS54291,BL167111
CW101037,CW593697
BL161727,BL161727
AM36275,AM36275
AW167402,AW167402
BN368809,BN368809
BE20193,BE453593
CG17603,CG17603
BH29237,BH6296
EH403896,BE402720
CW558507,CW670574
DD110935,DD110935
EK6576,EK6576
DA52142,AW69531
CB54525,CB54525
BZ30573,BZ30573
CW131426,CW312678
DN127969,DN127969
DE195852,DE195852
CL40349,CL40349
BN55094,BN34118
BY122349,BY103424
CW199584,CW683518
DE244690,DE244690
BL17427,BL17427
DK18984,DK18984
EA28735,AL172970
BK39960,EH558304
DR4542,DR4542
DL196740,DL196740
BN30927,BN55609
CJ140789,CJ140789
DT62499,DT62499
DT50714,DT50714
EH463094,EH502275
AN35251,AN35251
AK97512,AK97512
BP9790,BP9790
DL97991,DL97991
CW642295,CW642295
EH775840,EH775840
BR99276,BR99276
EF43144,EF43144
BR164733,BR164733
BL238727,BL238886
AL10729,AL10729
DL209553,DL209553
DE256922,DE256922
AA131783,EG15385
EH19699,EH19699
CW88788,DZ38874
AG29900,AG29900
CW472812,CW827681
DP35772,DP35772
DE244703,DE244703
AN160284,AN160284
BG35925,BG35925
BY563541,BY629265
BY116188,BY116188
BC40795,BC40795
CW872479,CW680312
DL8099,DL56269
CW630013,CW630013
DR16120,DR149695
DD27319,DD27319
CW445479,CW445479
BY476222,CN55911
BN42546,EH345626
DA76602,DA76602
BL389993,BL389993
BN22280,BN27703
CW214917,CW136061
DR61455,DR129602
EH337144,EH341698
BB35654,BB35654
CW306146,EH790255
EF45532,EF45532
EH223364,EH167842
AG47657,AG47657
CS30696,CS30696
BG35353,BG35353
DE119361,DE156078
AG8527,AG8527
BE150256,BE150256
BD11488,BD11488
CW367996,CW341876
DK36370,DK36370
EH302536,DN40101
AT22942,AT22942
AA120385,AA120385
BD62283,BD23141
EB6764,EB6764
BZ48116,BZ48116
DX45428,DX45428
AA142046,AL71663
DD54113,DD54113
BE73320,BE73320
BL188282,BL353300
DD66227,DN97394
EH154527,AS101334
CJ34416,EM83555
DX31461,CZ90304
DT44143,DT44143
BE162453,BE393161
DT65781,DT65781
EH312612,EH312612
BN9077,BN42549
EF154790,EF154790
EH327372,EH327372
CW278768,CW278768
DE119380,DE124610
BL329612,BL329612
EH289965,EH289965
CW435035,CW326524
BE132117,BE132117
CC97398,CC97398
EH316797,EH316797
EF66015,EF49830
BL204269,DE98033
CZ81699,CZ81699
EL59394,EL59394
CX16075,CX16075
AC4258,AY44120
EH288145,EH189363
BW45235,BW45235
BD98719,BD98719
CW207523,CW1264498
EN4625,EN4625
BY322825,BY322825
AA25764,AA28070
CW891490,CW1342665
DB143153,DB143153
DT29310,BH32925
CD7333,CD7333
BY456438,BY456438
DB78496,DB228574
BL92435,BL92435
BR172218,BR172218
EH656694,EH656694
BN196211,BN161580
CW777925,CW777925
BN190308,BN270283
CW620491,CW738258
DL151238,CW428892
BN3141,BN53348
DL52489,AS98017
CW228981,CW228981
EA22295,BL257041
EH78128,EH78128
DR57293,DR57293
CL7858,CL7858
CZ60965,CC75010
DE156194,DE156194
DD11373,DD11373
BY471274,BY732675
BD43283,EP29500
EH851096,EH96624
CW887341,CW887341
CC111633,CC111633
BG42442,BG42442
BY477228,BY477228
BK25254,BL191617
BN60386,CW556206
BN54694,BN53564
DT25377,EH365078
BJ9262,BJ9262
CW806832,CW806832
AX51709,AX51709
DE182969,BL383737
EJ17313,EJ17313
EF158674,DP32872
EH54258,EH322408
DD143270,DD60894
AA85467,CW62693
BH148448,BH148448
BN33113,BN33113
CW139449,CW597352
BL219397,EM92393
AN58452,EG18855
CC92391,CC92391
AW180513,EH1035894
EH223394,EH223394
CS16211,CS16211
DE245044,DE245044
DT4676,DT4676
EH758022,CW497299
BN59674,BN59674
DM29252,DM29252
DH26290,BZ48116
CZ83433,CZ83433
CW691857,CW691857
BN415113,EH508810
CS25699,CS25699
BC52222,CM63790
CS24553,CS24553
BN22280,BN70017
DE167029,DE167029
CC58216,CC58216
CW69767,CW804533
DT121177,DT121177
DD64564,DD64564
BN8013,BN63958
DE170440,DE170440
CW894670,CW894670
BY430814,CW178174
CW857239,CW857239
BL108379,BL40988
EH609888,EH609888
DE244381,DE244381
BL52271,BL52271
EH215164,ER30679
DE112961,EH197180
AJ10997,AJ10997
BN337051,BN337051
CS20761,CS20761
DE135310,DE135310
EF19003,EF19003
BL31444,BL32156
AL237408,AL237408
EH133819,EH153787
EH666260,EH666260
BC6294,BC6294
ES9500,ES9500
DT9571,DT9571
BL346502,BL346502
EH348961,EH348961
ES6703,ES6703
DS57896,DS57896
BL202957,BL202957
BH83365,BH83365
BY277463,BY265318
EF112734,EF112734
EH557650,EH557650
BY152199,CL27588
DE261067,DE261067
AL106760,AL106760
AP75846,AP75846
AX24994,AX24994
BZ16873,BZ16873
AA126545,CX13515
BY371321,BY306827
DH25616,DH25616
CW155513,CW417449
CH46299,CH46299
CG132443,CG132443
CW329381,CW173226
AL126822,AL126822
DT88585,CG77717
BM13853,BM13853
EF67965,EF240036
BJ32912,BJ32912
BD106999,BD106999
CM53261,DD95760
DZ62080,DZ62080
CC61258,CC61258
DN96407,DN96407
CS23767,BR4021
DN122204,DN122204
BH117779,BH178141
BN151356,BN54810
EH139887,EH139887
EH647054,EH507302
AN90885,BR48395
BN375872,BN375872
DN54173,DN54173
BN297394,BY521090
EH838102,EH838102
BR131936,BR131936
EM70267,EM70267
ED16495,ED16495
EH531550,EH531550
BN311930,EL57825
DK27302,DK27302
AL66316,AL66316
CW824136,CW824136
BZ5271,BZ5271
DN82486,DN82486
BN47721,BN130185
AN155794,EB78820
EH51752,DA112802
EH501462,EH501462
BY476161,BY75662
DN127423,DN127423
CW369835,CW369835
BL369444,BL369444
EH860250,EH551265
EH576376,EH616201
ED4970,ED4970
EH113220,EH113220
DT112043,DT112043
BL73086,BL73086
BH40237,BH40237
BY261116,BY447507
BE109866,BE109866
AB37048,EH497165
EG2663,EG2663
AG19820,AG19820
AP72602,AP72602
CA55853,CA55853
AT16409,AN142517
AL178288,AL191311
BN406754,BN406754
CW266774,CW266774
EH188974,EH188974
AG14068,AG14068
BR112891,BR112891
EH72534,EH418114
EF116898,EF116898
EG14763,EG14763
BN264641,BH103042
DL214836,DL214836
BN52380,BN68130
BP35414,BW21844
BN376611,BN376611
EN21782,EN21782
BR158583,BR158583
DL103587,DL183571
CW744888,CW744888
CW162784,CW1078268
CW116826,CW191835
DT43644,DT43644
BY490550,BY419491
EM29763,EM29763
BL48421,BL48421
BL89345,BL101860
BZ47421,BZ47421
DR107547,DR107547
CH5578,EM18605
BT5131,BT5131
CJ116518,CA102063
AG43499,AG43499
DA34491,BR60883
CW312032,CW334271
CW839251,CW1359684
EH155755,EH155755
BY399368,BY399368
BN39218,BN47747
BN86859,CG115536
CZ74431,CZ74431
DT69815,DT60807
BL232072,BL232072
DB52662,DB70186
AX4206,AX77624
CC90027,CC90027
CB31107,CB31107
EH823784,EH823784
DS11803,BN55220
DL191356,DL191356
BE173947,BE70496
DB60814,DB60814
DB209092,DT85462
BY327626,BY327626
ER27589,ER27589
AT16011,CW590193
EA23743,ES12556
BN64360,BN64360
BF23683,DE217326
DT33664,DD68103
CW45469,CW980395
EH852999,EM34455
AN52777,BB117664
CW860786,CW890227
BY532676,BY532676
AH20132,AH20132
DM22547,DM22547
BL208492,EH1280767
EL4846,EL4846
BY58766,BY58766
BL224234,BL224234
BL210692,BL210692
BN53463,BN3517
EH118706,EH77330
BM17366,BM17366
DK4434,DK4434
BN7510,BN63264
DJ13741,DJ13741
BN16632,BN16632
DE236851,DE236851
DN63686,DN63686
ED43897,ED43897
AX58603,AX58603
AN81003,AN81003
DE94308,CZ20307
BL204975,BL204975
DL124427,DL124427
EH99778,EH166472
CW497637,CW497637
CW127228,CW447411
BN413613,BN413613
EH691691,EH691691
AX20986,BL307523
DA37368,DA37368
DD113503,EH845815
EP77272,EP77272
BN348488,CW638751
CW664198,CW782205
AP44159,AP44159
BN416907,BN224001
DE34336,DE34336
CW136697,CW188945
BY255784,BY183442
DE153505,DE192953
EH21360,EH21360
BR159615,BR159615
EH325447,EH325447
BL265480,BL265480
AL128196,AL117247
CC28222,DL86005
DZ61646,DZ61646
BE299977,BE299977
BB50986,BB50986
DB185533,DB73685
CW373754,CW418076
DL54158,CW354890
BG43427,BG43427
EF158674,EH1108406
BN10570,BN198722
AL238164,AL238164
CP39696,CP39696
BL298933,BL298933
BN182481,BN255945
DX12301,DX12301
EH427035,EH427035
CW380621,CW380621
CW340744,CW144000
AP57234,AL202795
BG18053,BG18053
AG7801,AG7801
ED7558,ED7558
CG77482,CG77482
EH393564,EH393564
BL360101,BL360101
AJ31276,AJ31276
EH54004,EH38883
DA10847,DA77079
BY54487,BY139877
EH624838,EH624838
DR85977,DR85977
BR151076,BR149342
BJ13740,BJ13740
EH92743,EH92743
AJ32704,AJ32704
EH224375,EH224375
CJ119394,CJ119394
BE196820,BE196820
AD23368,AD23368
EH483215,EH483215
DP32888,DP32888
CW103159,CW247518
AW133648,AW133648
CW297957,CW420883
CW73515,CW60405
AB27426,AB15997
BL62023,BL62023
CW479506,CW1313661
BM59762,BM59762
EH401947,EH401947
CW902677,CW634119
BJ19178,BJ19178
AW172198,AW172198
CW751382,CW751382
CW468487,CW677251
CW637591,CW637591
DN29688,DN29688
BN63325,BN30402
CG60085,AZ15415
CW369488,CW908296
BD108458,BD108458
DR111366,DR111366
CG133338,CG133338
DP14891,EH197180
BJ36078,BJ36078
ES23792,ES23792
CW92309,CW92309
EG14569,EG14569
AJ24721,AJ18467
DL19669,DL20022
CW160972,CW160972
BZ32559,BZ32559
EH370971,EH400302
DW48944,AN29782
CM42953,CM27537
CW306010,CW306010
EH88877,EH88877
BY209526,EH527251
BL197502,BL179761
CT13726,CT13726
BP22483,BP22483
DW28113,DW28113
AS69272,AS69272
CW101796,CW165783
CW526236,CW526236
DK36222,EH384210
CW888878,CW556244
DY29080,DY29080
CW199424,CW128967
CS14801,CS14801
AK7787,AK7787
DT132213,DT132213
AS48098,CJ96937
BY499435,BY499435
AE8054,AE8054
BN249029,BN249029
CW777379,CW777379
DT84940,DT84940
BH61572,BH61572
EH732291,EH672559
CW71012,CW71012
EH380502,BN55220
AF20289,AF20289
BY318652,BY318652
BZ48354,BZ48354
AL228534,AL228534
BX20373,BX20373
BY499194,BY496072
CW76671,CW210256
BY497645,BY497645
CY20394,CY6483
BL201041,BL201041
EH352664,EH352664
EH280062,EH499510
BE262491,BE262491
DD50928,DD50928
BL365711,BL365711
AA128296,AA128296
CW579900,CW728594
CM50848,CM50848
EH395905,EH395905
EH577548,EH577548
BE228153,BE228153
EH357315,EH357315
CW347821,DL100116
BY389212,BY389212
CJ141140,CJ141140
BL280375,BL280375
CW82887,CW316395
AN98069,AN63317
DT65141,DT65141
AW66639,AW66639
AP54674,CC63127
AP74429,AP74429
EH417360,EH417360
CN74621,CN74621
BY187667,BY92857
DE90112,DE91906
AE29129,AN159770
EH69624,EH69624
AA156759,BX12719
DD140093,DD140093
BJ35513,BJ35513
EH74427,EH74427
BY48089,EM10131
BF6358,CN37472
DR87352,DR87352
EH662327,EH662327
BY39420,BY209155
AL190892,AL190892
EH185024,EH249917
DR73743,DR73743
AM58224,AM58224
CW155459,CW818598
CW210233,CW214062
EF131720,EF131720
CT41093,CT41093
CY9770,CY9770
DA29165,DE120191
BJ23957,BJ23957
DT16052,DT16052
CW255585,CW255585
EH181701,EH181701
BE177340,BE298076
EH248007,EH248007
BP18551,DE63098
CZ56809,DD193794
DE257966,DE257966
CJ57443,CJ57443
BL41611,BL41611
AL246794,AL246794
DE233272,DE233272
CZ75284,CZ75284
EJ23226,EJ23226
EB53589,EB53589
BN14324,BN70729
BE99667,BE347402
EH527656,EH527656
BH133702,CL41138
AT23967,AT23967
BL388402,BL388402
CW886818,CW886818
CW650117,CW650117
CW126526,CW267436
DW49699,DW49699
BN203598,CW279853
BY241382,AG20383
DB53159,DB101311
BK39779,BK39779
BN24457,BN39164
BH39584,BH13058
EF125457,EF144374
BN110277,BN128287
DX22226,DX22226
AA17187,EK13195
AM64268,AY18988
BN48391,BN29314
BL381656,BL381656
EH599169,EH599169
BS4674,BS4674
CZ62335,DB61101
DW32241,DW32241
CH44751,CH44751
DD53123,DD53123
BH32162,BH32162
BK42483,BK42483
EF108933,BD105519
BY257593,BY257593
BB57707,AN105775
AT22410,AT22410
EH211993,EH211993
BL380500,BL380500
EB63654,EB63654
BZ27845,BZ27845
EH833563,EH833563
DH41203,DH41203
CW275842,EF50524
EH465030,EH465030
BC6880,BC6880
BR84870,BR84870
EH225214,EH429420
DR45813,DR45813
DL14650,DP17807
CW86686,CW276636
CW50429,CW50429
BN121632,BN75579
CW377505,CW377505
EP81293,EP81293
BY190089,BY190089
DY17528,DY17528
CW419220,CW492255
BY306225,CG81885
BL251430,BL251430
AW63756,AW63756
AK110694,AK110694
BH7625,BH7625
DT17922,DT17922
EH255348,EH255348
BJ26238,EH209303
CC115691,CC115691
AL248816,AL248816
BE246716,BE246716
BH76863,BH76863
BE227839,BE227839
EB35318,EB35318
ES14536,ES14536
BA3902,BA3902
CG9418,EH392268
CH44217,CH44217
BN374935,BN374935
BL377164,BL377164
BH121831,BH121831
CM49662,CM49662
BA5489,BA5489
EH456516,EH456516
AY23290,AY24866
EM86436,EM86436
BM46818,BM46818
BH4249,BH4249
EH599146,EH599146
EH478260,EH478260
EN61387,EN61387
DR44838,DR44838
EM47844,EM47844
EH26823,EH26823
BE91028,BE91028
EH40084,EH40084
CZ68192,CZ68192
BN406802,BN406802
BD26432,BD26432
BL5662,BL93441
BL15941,BL37651
DX18205,DX18205
AW5850,AW5850
EP38721,AX45074
DR91218,DR91218
DZ5854,AW155487
CW765371,CW765371
EP83074,BL455151
DD23435,DD208540
BE30635,BE30635
DB214281,DB214281
EH399144,EH399144
BL219305,BL219305
CW211205,CW241149
EH5213,BN135638
BN51849,BN71581
CB45732,DY16519
CJ14211,CJ14211
EH420852,EH420852
BN213729,BN241217
EK7728,EK7728
EH404367,EH404367
AP23495,AP23495
BY307766,BY422999
BH68173,BH68173
CW126062,CW329860
AP41126,AP41126
AS28293,AS28293
CW699799,CW253670
CW364571,CW364571
BG8320,BG7226
CW446940,CW208331
BY496362,BY104441
BY145243,BY191616
CC93391,CC82701
EH158636,EH158636
DE149674,DE120191
EM47165,CW72975
CB65585,CB65585
EH379611,EL38309
CR13345,CR19510
BH146708,DL135784
BR42411,BR42411
EH299730,EH299730
BE88906,BE88906
BN417254,BN417254
BN151692,BN92701
EH311049,BR96711
EN55232,EN55232
DB72608,DB50141
CW551895,CW551895
DZ22772,CG95587
CC98802,CN55919
CW665659,CW665659
BZ28414,BZ51931
CB25823,CB25823
BE21787,BE3791
BJ18488,BJ18488
BN17102,BN63832
DT55601,DT55601
BE74778,BX12719
BE269110,BE462195
EH330368,EH1224513
BN413011,BN413011
EA22295,EK7168
BE282049,BE126290
EH647190,BP33533
BY549383,BY518128
AT22784,AT22784
CW732540,CW732540
BD108981,BD108981
CG131353,CG131353
EH623023,EH623023
DX9851,CN25247
CW617825,CW617825
DS88193,DS88193
EH51992,EH299730
CW64700,CW1336314
BN342018,BN342018
DT96476,DT96476
DZ42635,DZ42635
EH772948,EH772948
BY486161,BY486161
BJ21707,DT99001
BA8475,EH171330
DB197914,DB197914
CW708669,CW708669
CW572635,CW469446
BE153050,BE238095
CZ66885,CZ66885
CW210359,CW215403
CM41726,CM41726
EM11126,EM11126
CW201342,CW318910
DE138522,BN297905
AA142046,AG20383
AM31616,AM31616
BY92291,BY92291
EH775841,EH919143
EH118739,EH118739
EB13060,EB13060
AX36782,AX36782
BH80250,BH80250
BN87972,BN87972
EH467397,EH467397
DW29981,DW29981
AK103355,AK103355
AN121892,AN121892
CW238331,CW245122
AN155119,AN155119
BN73204,BN69559
BN330645,BN330645
AW140890,AW140890
EH648397,EH648397
BD108563,BD108563
EP53982,AK53105
CW365748,CW427019
BY287711,BY166254
CY28309,CY28309
BN323911,BN323911
AL250186,AL250186
AM39561,AM39561
CE40086,EH1067981
EH25175,EH176075
BN285016,BN285016
EH490576,EH490576
AK11274,AK11274
DE248629,DE248629
CW471503,CW492873
BL336159,BL336159
DR105588,EH786999
DP13732,DP13732
CW49352,CW310941
BY524265,BY524265
BL48260,DD54342
CL3706,CL3706
DR94996,DR94996
CG21435,CG83502
EF132877,EF132877
DE263212,DE263212
BY433197,BZ25552
DX55868,DX55868
EH363731,EH363731
BY161972,BY189582
AH9009,AH6509
CW62634,CW136061
BY439875,BY439875
BL67104,CW123443
CG111437,DK26658
DC18349,DC18349
EF51360,EF51360
AA154574,AA154574
BY79388,BY203252
CW47317,CW229087
EB40282,EB40282
CH18637,CH8320
DB172272,DB172272
BY336927,BY691840
DT112545,DT112545
DH6609,DH6609
EH518721,EH518721
EH858833,EH858833
AM2416,AM2416
DT63929,EM2986
AN53937,AN53937
BR89480,CT26367
DZ46038,DZ46038
BE235548,BE235548
AE29722,BR197949
CC101463,CC101463
CW737239,CW737239
BB72623,BB72623
BN81637,BN169916
BH85818,BH85818
BH70709,BH70709
BN6754,BN6754
DS95300,DS95300
DB212512,DB212512
CW509970,CW509970
BK28514,BK28514
BR69620,AL24654
EH5948,EH5948
EH666260,BP13227
BN67490,BN67490
AM23719,AM23719
BY227308,BY227308
AN8303,AN8303
CN22941,AL65047
EH781015,EH781015
EH159734,EH159734
BN263522,BN263522
EA32874,EA32874
BL337241,BY407443
CW98697,CW98697
EH215119,EH215119
CT13797,CT13797
BL231088,BL231088
EF89098,EF136056
BL118263,BL118263
DB158081,DB26265
EP35555,BL264708
DL164521,CW443526
EH582097,EH582097
BE122334,BE114984
CG53832,CG53832
AC4258,CN42300
EH677916,EH677916
BE106974,BE106974
AS22661,AS22661
AW164022,AW164022
EF114493,EF114493
BE220966,BE179246
DD116495,DD116495
DN94764,DT145560
DB103570,DB123383
BN33380,BN33380
DE245874,DE245874
DL171651,DL171651
BN4956,BN22695
DD85400,DD85400
BN27518,BN68631
AK82729,AK82729
BL203068,AT17674
BH144197,BH111072
EH427706,EH427706
AN64944,CY29719
DE7314,DE7314
BL324896,BP50689
EH434043,EH434043
EG11052,BR77127
EH371029,EH371029
CJ113465,CJ113465
DL188259,DL188259
DL27035,DL26910
DR98848,DR98848
BG10486,EH59683
EH510071,EH482047
DL190104,DL190104
CW89271,CW849977
EB39167,EB39167
CJ135991,CJ135991
BN416934,BN446116
BC48160,BC48160
DT115699,EH380431
CG125349,CG125349
BL205444,BR95200
AW89133,CN99960
CB66987,CB66987
DB205743,DK47978
CW523357,CW523357
BE264115,BE269239
DS92503,DS92503
BL172284,DB26265
DT29691,DT77193
AB5411,BE54927
AA141108,AA141108
CC122194,CC122194
DZ18827,DZ18827
BN287540,BY99914
DE207617,ER21242
EF106268,EF106268
EH649603,EH649603
DE125141,DE125141
EP22641,DB28453
DB67734,DB67734
DW41571,DW41571
BN78421,BN78421
BY95602,BY95602
CZ83138,CZ83138
BP40469,BP40469
BR69558,BR69558
DD143270,DD59103
DZ7152,DZ7152
EH688571,EH681418
BY274577,BY366092
DE244777,DE244777
BY509708,BY509708
CW618098,CW618098
AL105848,AL105848
AL199525,AL199525
CE20003,AW69157
BE249400,BE249400
EH608363,EH608363
CB45732,AY18988
EK16000,EK16000
BL103614,BL6665
BF22792,BF22792
BW43065,BW43065
CW832904,CW973358
BR21663,BR21663
EK7404,EK2779
BY479303,BY404801
DR111906,DR111906
CX3126,CX3126
BG38337,BG38337
DH2075,DH2075
DA33422,DA33422
DD140629,DD140629
BR76521,BR76521
EH331400,EH315004
EM15243,EM15243
EA43104,EA43104
BB42342,BB67548
BA6970,BA6970
BY132106,BY318624
BE121287,BE121287
AS43310,AS43310
CW896209,CW896209
BE42865,BE35319
AB3087,AB3087
DX50834,DB207561
AK76364,AK76364
CW169831,CW758643
AS77193,AS77193
CW535540,CW535540
DL129079,CS11971
DZ17687,DZ17687
EH739098,EH739098
BY116499,BY116499
CW801517,CZ60998
BW45651,BW45651
CY18877,CY18877
EG17067,EG17067
EH160372,EH160372
DS95125,DS95125
BW7750,BW7750
BH51131,BH67180
BL162559,BL162559
CM40018,AN106334
CW307311,CW329495
EH650370,DT112545
AN96562,AN96562
CW134711,CW134711
EH856187,BY466988
BL26435,DL12754
DT135506,DT135506
AS64549,EM54760
CW329158,CW329158
DX40328,CR3942
EH747684,EH747684
CC54911,CC54911
EH681228,EH681228
CW468487,CW481404
CW222601,CW452646
CN26585,CN26585
EH782784,DB222353
DB205743,DB205743
BN117861,BN177593
BY304949,BY304949
BL104128,BL99973
BN334299,BE163862
CW261398,CW154825
EH103855,EH77330
CW707544,CW707544
EH361139,EH361139
BL245406,BL249792
BY347054,EP42843
AD26887,AD26887
EF58624,EF58624
CW516272,CW115478
CC102183,CC102183
BN408206,BN408206
DD11527,DD11527
EH510827,EH510827
EH540999,EH540999
DN35404,DN37685
CW370087,CW370087
EP24258,EP24258
BD77179,DS98965
EH216693,EH216693
BW40521,CC63127
BY53115,BY53115
EH246016,EH246016
AM27262,AM27262
BJ24126,CC127526
AL77383,AA190146
CW530871,CN47720
BL251749,BL152036
DT109719,DT109719
DB9586,DB9586
BJ18295,BJ18295
DL2425,DL39782
DN107513,DT54425
DE263079,DE263079
EH65600,EH64682
BL88703,BL88703
DT119961,BR154869
EH874964,EH874964
DT37321,DT37321
BM2492,BM2492
EJ21912,EJ21912
EF121755,EF121755
AN60636,AN13457
EH154513,EH94329
CW663503,EF155289
BH115924,BH115924
BC54029,BC54029
DE260918,DE279436
CW551454,CW551454
EF148147,EF148147
EL16672,EL16672
CW480531,CW708461
CZ16167,DP29786
BL19993,BL19993
DE200561,DE150887
BN27518,BN56230
EH95086,EH95086
EH876089,EH322408
ES8835,ES8835
DB118699,CZ51282
DS101879,DS101879
AW89287,AW89287
AY27590,CT24487
DA2580,DA2580
EJ25186,EJ25186
DR100946,DR100946
EH215164,EH938526
BL165304,BL154593
EH103510,EH103510
DR70166,DR70166
BY466796,BY466796
EH675012,EH189102
DM6543,DM6543
EH729630,EH729630
DN84935,DN84935
EF126504,EF126504
BF7896,AW63524
EP41747,EP41747
DE167976,DB101762
BN76256,BN76256
EH583132,DT91133
DD140646,DD140646
EN19516,EN19516
AW136463,AW136463
DL176446,CC97416
CJ107233,CJ107233
CJ134083,CJ134083
EH328679,EH328679
DE167501,DE191171
DS76905,DS76905
BL213486,BL213486
BL278599,BL126956
BY557740,BY557740
AX9787,AX9787
ES10447,CW81184
AW20140,AW8782
DE8119,DE8119
EH346741,EH346741
BY26405,BN79973
BW9930,CW1224072
EH156230,EH156230
BW39659,EH435031
CW893167,CW893167
AX53447,AX53447
AN139446,AN139446
AH9708,AH9708
EH235386,CP10141
EH317026,EH317026
CW668619,CW668619
BH92624,BH92624
CG76620,CG76620
DT46585,DT46585
BN5165,BN57592
BN377349,BN377349
EH82042,EH82042
BL290802,BL290802
AS44712,AS49129
BG15518,BG15518
BY356160,BY356160
EH262241,EH1154541
CW487544,DT71377
BG34677,BG34677
EH365274,EH365274
EH266205,EH266205
BE179426,BE98196
EF124703,EF124703
EH555111,EH555111
AP22096,AP22096
CY16487,CY16487
BM59740,BM59740
CC107457,CC107457
EM7806,EM7806
EF5681,EF5681
DL155614,DN63705
EH461486,EH461486
BL67060,BL67060
EF154221,AL202795
DD39829,DD39829
CW233668,BL448591
DB234168,DB67734
CH9640,CH9640
EH739106,EH739106
BL369808,BL369808
BR131838,BR131838
CM50239,CM50239
AN128809,AN128809
BE274427,BE274427
BN10625,BN15354
AL247967,AL247967
EH536815,EH536815
DE4109,DE43972
EF161089,EF161089
EH111501,EH111501
BN409047,BN409525
EF159239,DE285612
DR48947,DR48947
EH9248,EH9248
CZ56721,CZ56721
CW163026,CW75545
BY521481,BY480746
DN63222,AA155475
CL7887,CL7887
BY123908,BY123908
DT48975,DP22637
DD59341,DD42951
AN62055,AN62055
CW118116,CW299688
DG36815,DG39422
AP52518,CZ5299
DE70628,DE181657
EH740008,BD35397
BE146361,BE114997
DD36427,DD152310
EM10121,EM10121
BY481861,BY481861
CW416036,CW416036
BZ32811,BZ32811
CW708069,CW708069
CW197926,CW584561
BL333542,CC63127
EA40924,EA40924
DT99001,EA48386
BK36756,EB52752
EH730476,EH761866
AN157739,AN157739
BL210159,BL210159
AW66078,AW66078
EH490549,EH490549
DN125335,DN125335
EH875752,EH875752
AA107681,AA107681
EH443347,EH443347
CD22623,CD22623
DE53960,DE53960
EH418393,EH96008
EM19080,EM19080
AW159769,DB214820
BH51812,BH51812
DL174500,BL426012
AW167641,AW167641
AN83051,AN83051
CD23740,CD23740
BN27518,BN36861
BL356848,BL356848
CK4119,CK4119
EL58597,EL58597
BY272207,BY272207
AL50424,AL142114
EG46562,EG46562
EF9114,EF9114
BL323490,BL323490
AW128664,AW173168
BR107391,BR107391
BN60471,BN72730
EH441963,AN58164
AC12685,AC12685
BM53617,DS2274
CW901865,CW1084547
BD88645,BD88645
BC52633,BC52633
BL90433,BL368057
CW304193,CW304193
EH222762,EH222762
BY553294,BY462242
EB62523,DT135795
EH468578,AW91519
AW168513,AP73838
BN178302,BN178302
CW471503,BP16411
DL122902,DL122902
CJ82159,CJ82159
BM56014,BM56014
AS25933,AS25933
EH170505,EH170505
DB105020,DB105020
DH46471,DH46471
CA97060,EH485880
DL210010,DL210010
EH169566,EH293602
CJ120180,EH302279
EC17135,EC17135
EF19984,EF19984
CH34947,CH34947
DG41796,DG41796
AA64384,EM42835
BY337272,BY103646
BN174254,BN174254
CW404707,CW398442
DR76942,DR76942
BY297885,BY81182
EH303257,EH303257
BY524983,BY524983
BK15003,BK15003
CW182029,CW202482
CJ86836,CJ86836
EH383985,EH383985
AF22133,AF22133
BY299189,BY299189
BL92077,CW465294
CW735662,CW735662
BE146558,BB117664
EH182793,EH475518
CZ79682,CZ79682
CW208970,CW850159
CW40758,CW309751
EH619932,EH619932
EF149423,EF149423
BL348959,BL348959
CW388485,CW417449
BN52040,BN52040
EF88266,EF88266
BN291093,BN291093
AY12881,AY12881
BY306414,CW682500
EH650370,EH493601
EM80237,EM80237
DM27360,DM27360
CW692662,CW692662
AL246379,AL24654
AN119111,AN119111
BN348488,DW47430
EB62987,EB62987
BN271915,BN271915
CM60955,CM60955
EH703542,EH703542
EH798135,EH798135
BP42037,BP5549
BY346093,BY346093
BY487535,BY487535
AW181260,DE206299
BJ8413,BJ8413
AK49474,AK49474
EN53465,EN53465
CN20375,CN100524
CW897426,BE124808
BY117708,BY117708
DT65968,DT103840
EH473137,CA52020
BR168703,BR168703
BL188040,BJ21707
DX4966,DR17254
DS5676,DH9924
AZ7923,AZ7923
BL302487,BL302487
BL178649,BL40988
EH707031,EH707031
DD124420,DD193794
AL72001,DT71377
BN377191,BN255297
EH423157,EH1287037
CM45114,CM45114
CM34751,CM34751
EH683064,EH1157131
EH765734,EH765734
BN311100,BN311100
BF9247,BF9247
BN175115,AT15543
AN57761,AN57761
EH317421,EH317421
EP75330,EP41465
EH585030,EH453883
BR173507,BR173507
BE118082,EH320385
AB29697,AB29697
CJ45862,CJ192995
DD14758,DD14758
CW484924,CW1032587
BN417135,BN417135
DD125875,DD115823
AL247599,AL247599
BY303303,BY303303
CW356738,CW130115
BH47156,BH47156
AK97812,AK97812
EH662253,EH662253
CC14504,CC29533
DE235340,DE235340
DP44252,EL55310
DW62692,DW62692
EH777010,EH777010
DE127186,DE117686
BE325514,BE344415
DW8179,CC63726
EH360132,EH104022
EF95867,DW36231
AA164468,DP33811
DY27234,AL105183
AY19209,EH1108406
CW365647,CW365647
DZ61632,DZ61632
BY255478,EA16361
DB32957,DB32957
DD116779,DD116779
AC5920,AC11659
AA137357,AA137357
CG91658,CG91658
EH406640,EH406640
BN386105,BY527918
EF132333,EF132333
BN417372,BN255463
CW883593,CW883593
CG116240,CG116240
AM73020,AM73020
BN414930,ER24318
DE49338,DE36609
AL182035,AL182035
DF13637,DB103123
DG48051,DG48051
CW705483,CW705483
DT37766,DT37766
BH140754,CW253920
AA28070,AA28070
AJ15342,AJ15342
BL348813,BL348813
AN129593,AN129593
BR12510,BR12510
EF122752,EF122752
BY502930,BY311835
CG132474,CG132474
CJ86838,CJ86838
DS7309,DS7309
AA146093,AA146093
CW654711,CW214062
BK4973,BK4973
AW77348,AW19226
BL210684,AW138545
CW737033,CW737033
CW94196,CW94196
BR112018,BR112018
DB200669,DB188329
DB191136,DB191136
BC40377,BC40377
BY6291,BY6291
BL226093,BL226093
BL341177,BL341177
BL298707,BL298707
CW239731,CW246807
AL239805,AL239805
DB219161,DB219161
CB47504,CB47504
DR108839,DR108839
EH372739,EH372739
AN57871,AN57871
CW81095,EH192550
BK10211,BK10211
AN135418,AN135418
EH740231,DR101238
DR98813,DR98813
CW491153,DS98965
CJ104076,CJ104076
BN258846,BN258846
DR4540,DR4540
CW880106,CW1354138
DA38540,DA38540
EM79518,EM79518
BS13132,BS13132
BN406812,BN406812
DB190080,DB28453
EH486843,EH405643
EH666019,EH666019
BY471274,BY471274
BL3282,EN33551
EH746372,EH746372
BY477183,BY477183
EH446044,EH446044
DG45341,DG45341
DL195775,DL245130
BY367588,BY367588
BR81092,BR81092
BR152252,BR152252
AB37048,BN303475
DD17908,DD17908
DT86082,DT86082
BT10862,AB10237
EH852999,DT112545
BB89860,BB89860
EH44804,EH44804
DE219619,DE219619
BL306265,BL306265
BN140722,DD43089
EM14121,EM14121
DC9257,DC9257
DZ33055,DZ33075
EJ21001,EJ21001
DL185938,DL185938
AK77692,AK77692
EH718629,EH718629
DD15217,DD15217
BP15474,BP15474
BY565376,DS100618
CW414286,CW414286
BN418624,BN418624
EH415551,EH474186
EH856613,EH856613
EH93482,EH93482
CW316676,CW357056
DB50529,DB50529
EH61268,EH61268
BN45929,BN45149
AL103073,AL13583
BL115330,CH27254
AR12264,AR12264
AL235274,AL235274
BL346599,BL346599
BL44002,BL44002
EH651630,EH651630
CW293204,CW950109
EH79841,BW10192
DZ28510,DZ28510
BL269971,BL328225
CN56449,AA107977
EH744509,EH744509
AN143757,AN143757
CN15735,CN15735
DX46829,DX46829
BN411372,BN411372
CW207356,CW207356
EL68163,EL68163
AW69267,AW69407
CN29698,CN29698
DA73848,DA73848
EH348617,EH348617
BN20870,BN19056
BN365011,BN365011
CW131426,CW357056
CW887080,CW1203792
DR12821,DR11960
CW685395,CW1265829
EH661382,CB77774
AL73096,AL330722
BL370443,BL370443
CW149317,CW444577
BY444967,BY444967
BN119133,BN364307
BY291715,BY291715
BE316273,BE316273
BN32804,BN9784
DS45070,DS45070
AG19502,AG19502
CG100056,CG100056
BH59295,BH59295
DL188682,DL188682
CW157359,CW157359
DR98710,DR98710
AW76202,AW76202
CW535004,CW535004
CW325234,CW584809
BP49529,BP49529
CW652333,CW1221956
DB175231,DB34848
CW307311,CW85516
BE277164,BP16411
EH292330,EH292330
EJ22953,CS34343
AA92163,AA92163
EH99778,EH330854
AN115569,AN115569
EH625018,DP39932
BY334356,BY334356
CW372379,CW535004
EH852999,BP40638
BN60471,BN45791
CW398940,CW171821
BL231683,BL231683
AH18733,AH18733
EP68818,EP68818
EH718380,EH718380
BN311930,BN311930
DE168981,BM39077
EH533059,EH934678
DY20410,DY20410
AE5313,DH4349
AL65493,AL65493
DB165139,DB165139
EH109002,EH109002
BL87506,BL87506
EM7623,EM7623
CW890993,CW265637
AW23421,AW23421
EH193196,EF105027
EF117863,BN155572
BE74240,BE61656
BK23095,BK23095
EM85999,EM85999
CW690720,CW881116
EH614473,BZ51759
BY423891,BY423891
CW283661,CW283661
EH630776,EH630776
BN31060,BN31623
BB54638,BB54638
BL41336,AK140959
CA94442,CA94442
EH525823,EH292507
BL55911,CG40891
EH521175,EH673073
EF24557,BP40638
CW185575,CW424669
BN60774,BN60102
EH613121,EH613121
EF156920,EF156920
EF77335,AE14342
AX31813,AX31813
CW279741,CW371649
EL39217,AL202795
DS87237,DE259451
EF93796,EF93796
BY141546,BY203252
AL212444,CC65125
BL355020,BL355020
BY247016,BY235255
BY120640,BY203252
BW40207,BW40207
BY290323,BY290323
EH113569,EH113569
CW563302,CW563302
CP31173,CP31173
DE235881,DE235881
BD90819,BD90819
CG62406,CB20217
DB232596,DB166423
EM45441,BL83726
BC11409,BC30431
BE89309,BE89309
EH85428,EH85428
CW808502,CW808502
CW243960,CW252502
CW274604,CW484755
BE78131,BE78131
BY498846,BY498846
EP75867,EP75867
BW25266,CG33532
BY115617,BY115617
DF4424,DF4424
AW142018,AW142018
DB63984,DB106642
EH681951,EH984862
CW862145,CW862145
BG39461,BG39461
BY356554,BY356554
CL37449,CL37449
EG13996,EG13996
DZ29577,DZ29577
EJ12559,EM2986
EH266725,EH302356
AW62648,AW62648
BE322891,BE322891
BH99456,BH99456
CW214784,CW214784
DC12443,DC12443
CW2976,CW2976
DY13591,DY13591
EK3037,EK3037
EH19631,EH19631
EH356036,EH356036
DY8604,DY8604
EH2758,EH2758
AA167157,AA167157
CW312243,CW301067
BD100197,BD100197
EL39217,DT91133
DE147027,DE147027
BL315943,BL315943
AL145503,AL145503
BL233807,DW19179
DT80292,DT80292
EH245185,EH245185
CC98366,CC98366
EH434454,EH789394
AP73132,AP73132
BL259363,BL259363
AP73776,AP86867
DL184191,DE317276
EH299252,EH299252
EH37580,EH37580
DN115717,DN115717
AB37048,CC95200
DD20541,DD20541
CW49212,CW16687
DB118699,DB118699
EH450432,CH23927
DE130961,AN79395
DN24389,DN24389
BH67754,BH67754
AK111335,AK111335
DD2239,DD2239
EH379497,EH193265
CW217267,CW217267
BE73874,BE261799
AN82854,AN82854
DD105047,DD105047
DR91634,DR91634
BY67456,BY125887
DT45548,DT95583
CW721785,CW721785
CC123219,CC123219
AA133924,EN52499
CG24385,CG70689
BL286139,BL286139
AB14446,AB14446
ES14411,CW794459
CC87340,BZ31155
BM57071,BM57071
CW890452,CW890452
EM77613,EM77613
DX49610,CJ32534
AL86709,AL86709
DT138063,DT138063
DB167187,DB167187
DN113477,DN113477
BR48515,BR48515
EH774336,EH774336
EF148437,DE85463
EH431830,EH934678
BE231384,BE231384
BL233807,EH244761
CW196111,CW483748
DL47029,DL65894
CW350198,CE10788
EH53800,EH53800
AL251419,AL273228
AN48708,AN48708
BN409829,BN450377
BN377602,BN377602
BE323476,BE248698
EN57864,EN57864
BY343283,BY333420
DN62040,DN68422
CG104801,CG104801
BG13986,BG13986
EH356228,EH133456
DD23980,DD23980
EH367351,EH414427
AN70146,AN70146
CC81180,CC81180
BL372200,BL372200
EH441963,EH1296526
BY532251,DP33811
CW875832,CW361274
EH404415,EH404415
EH432708,EH432708
CC32237,CW954216
AJ33388,AJ33388
CW113325,CW113325
EH582301,EH582301
DL135336,AY43072
AL207926,AL207926
CH19582,CH41444
BR12820,BR12820
BE219081,BE219081
DN64163,DN64163
DL212865,DL212865
BL164431,EG6528
DL170269,DL170269
CG16524,CG16524
EH283074,EH283074
BY405796,BY76828
CW637628,CW637628
EH839167,EH839167
CW196960,CW325951
CB65776,CB65776
CW292068,CW1027138
BN371990,BN256422
EH229030,EH229030
AG25698,AS48364
BL203072,BL203072
AN91637,AN91637
CW483246,CW210256
AL104212,AL104212
BY341764,BY341764
CH25072,CH25072
DE193273,DE193273
BL171766,BL171766
EH788050,EH788050
AA88927,EH781647
CW669230,CW426218
BL317216,BL317216
DK23983,EM117314
BN285012,BN256466
DB167529,DB167529
CW349174,CW646290
EH243773,EH306918
BY552805,BY552805
EM47878,EM47878
DT116155,DT116155
DZ32232,EH712102
CW523357,CW873332
BX19455,BX19455
EF100807,EF100807
BL307379,BL307379
BG39538,BG39538
DB209092,BZ25552
EN2575,BN235947
EH847794,EH330854
CW361428,CW331086
EF4748,EF4748
BL78773,BL222380
CW250242,CW310518
DX43640,DX43640
BD17196,BD29567
CW564304,CW564304
AP52423,AP52423
CW296476,CW393633
CG12136,BY62692
EH212231,EH212231
CZ76996,CZ76996
BD95306,BL283062
AM78655,DT148550
CZ35892,CW750848
DB207328,DB207328
AC11578,AC11578
AH11283,AH11283
BN311128,BN389081
DE210856,DE210856
DR86969,DR86969
CP10805,CP10805
EP59671,EP59671
CW415247,BR41712
DX15880,DX15880
AW118373,AW118373
EG41186,EG41186
BY490622,BY490622
BY57269,BY196496
EH192916,EH192916
BA5745,BA5745
EH667590,EH667590
EH810185,EH810185
EH847794,EH166472
DK30113,DK30113
BY87441,BY193769
AB3784,AB3784
EF59753,EF59753
EH754674,EH754674
BN288563,BN288563
CW902923,CW902923
BL113659,BL89973
BL227970,BL227970
DT13915,DT13915
CA73456,CA73456
EH857828,EH857828
BW40521,BP13833
EH835900,EH835900
DE165996,DE165996
DW60599,DW60599
AM3384,AM3384
AJ32269,AJ32269
DB192376,DB192376
EG3972,EG3972
EH441963,EH508810
CJ139687,CJ139687
EH299451,EH299451
EH145890,EH145890
BL313573,BL313573
CZ68663,CZ105675
CM50737,CM50737
BY268761,BY126456
BY567383,BY567383
CW814532,CW814532
DP37656,DP37656
AD24949,AD24949
CG82837,AD16965
ED21986,ED21986
EH241369,EH1082818
BN8013,BN66390
DR98962,DR98962
BN76561,BN231805
EF125409,EF125409
BL271480,BP14878
DR59142,DR59142
CW416355,CW416355
BY480482,BY480482
CW456843,CW456843
AD24526,AD24526
EH35930,EH35930
CG46067,EF17409
CE23802,CE23802
BN25068,BN25084
AP63803,CG42129
BR174381,BR174381
AN121896,AN121896
DL164925,DL164925
DL143875,DL143875
DD12044,DD12044
EE2938,EE2938
DR55752,DR55752
EM19864,AA73951
EH35399,EH35399
CG61402,EP47351
EH600756,EH600756
CW129622,CW89539
BY293104,BY188651
BR130431,BR130431
DL7847,DL7875
DA59247,DA59247
EH379672,EH1036247
BY394361,BY394361
CG11480,CG11480
EH774784,EH774784
EF149338,EF149338
BN24763,BN49542
DN112175,DN112175
EH778507,EH778507
EA28365,EA28365
AA63904,BW29979
BN404501,BN404501
CJ3883,CJ3883
AX39958,AX39958
DB39921,DB39921
EH193196,DW34489
CW871068,CW871068
EF21152,EF250090
DL148771,DL209495
BW8722,BW8722
BG13532,BG13532
CW861540,CW822039
DD16109,DD16109
CP38149,CP38149
DR94505,DR94505
BR38710,BR38710
AN116904,AN116904
CW325813,CW1150636
BE318111,BE318111
DC2779,DC2779
CW631584,CW631584
ER3209,ER3166
BG39744,BG39744
CG72307,CG72307
BL309150,BL309150
BD95660,BD95660
DB112160,DB144470
CY19118,CY19118
EH282776,EH272896
EB46748,EB46748
BH74304,BH74304
CZ22887,CZ22887
AP51788,AP51788
CG58520,CG58520
CW153407,CW1056490
EP65249,EP65249
EH745541,EH745541
AW163446,AW74107
BG40255,BG40255
CM3414,CM3414
EH845840,EH845840
DE89566,DE63098
AR2540,AR2540
AT24576,AT24576
CL2941,CL2941
CW902240,CW1006612
DP31420,EH608667
BN46214,BN3447
DW39944,DW39944
BK43997,BK43997
AW93146,AW93146
EF107405,EF107405
EH445511,EH169601
DK21685,DK21685
ER3972,ER3972
DD116214,DD116214
EH775272,EH775272
DD18176,DD184091
BL107144,BL107144
BY126485,BY231633
CW690720,CW690720
CW480305,EL62600
DA91557,DA91557
AP63803,CC116134
BN27518,BN45149
BE187672,BE255086
BE267410,BE267410
AN130042,AN130042
EH865929,CA92889
BL339952,BL339952
BL237803,DT71377
EH96432,EH96432
AL42733,AL42733
CW319027,CW248570
BL343296,BL343296
AL27287,AL27287
EC8269,EC8269
DE77248,DE39432
CA92809,CA92809
CT28786,CT28786
AM38023,AM38023
BD31955,BD65994
BE145758,BE327534
AW9694,AW9694
CW657441,CW657441
EH362935,EH362935
EH680519,EH680519
CW257110,CW188976
CW302990,CW302990
EH860606,EH860606
CG118508,BW11875
CJ137768,CJ137768
BR114997,BM45625
BY87633,BY145388
CW162095,CW325007
CW163962,CW549826
BE251946,BE251946
EH770719,EH770719
AN147473,AN147473
BL26973,BL26973
AA147366,AA147366
CA24145,CA24145
AX26476,AX26476
CW293204,CG73970
BN70118,BN65780
CW309972,CW309972
BR170510,BR170510
CW483137,CW483137
DN127454,DN127454
CW499806,CW499806
CW344958,CW413963
EH17168,EH17168
BN384065,EH1108406
CW654489,CW654489
EJ18440,EJ18440
EH75615,EJ3020
DB57555,DB57555
CM56238,CM56238
CH17858,CH17858
AA29219,AA28887
CG100151,CL16340
EP24175,EP24175
BB60145,AP93837
DE2365,DE2365
CN67625,CN67625
EH85302,EH85302
DL118444,DL118444
DG48051,DG47208
BY154481,BY154481
EH835959,EH835959
AA64384,BN207950
EH48436,EH48436
AS77555,AS77555
DS101906,DS101906
BR140179,BR140179
CW714263,CW543480
AK78386,AK78386
DD141285,DD126687
DH37050,DP7767
BR88167,BR88167
EF46869,EF73396
EH712889,EH712889
CG80221,EH690805
BD51672,BD51672
AJ4860,AJ4860
BY566437,BY566437
EH376854,EH376854
DH32994,EF92884
DL128098,DL199597
AD4042,DB105611
EH742955,AW184899
EH376703,EH548551
EH189473,EH189473
CW127228,CW425327
DZ25277,DZ25277
DT29933,AA122447
DL148771,DL148771
EH217911,EH217911
DE53909,EH57567
AE19639,AE19639
DA80591,DA80591
CC74869,EN31238
AG8158,AG8158
DE161973,DE161973
AY22740,AY22740
EH436507,EH436507
DP33589,DP33589
DR34956,DR2110
AN27556,AN27556
DA75369,DA75369
BY415997,BY415997
BR35666,BN38177
AX13806,AX13806
EG46083,EG46083
DL94077,DP32872
EH834281,EH834281
DS87927,DS87927
EH465240,EH1011924
CW615740,CW766494
CW552002,DE266887
EF164001,EF164001
BN140072,BN72726
DD94440,DD94440
CW35438,CW268430
AN138341,AN138341
BL331554,BL331554
EH518665,EH608667
CW508675,CW508675
BL268047,AK104601
CW246661,AB30026
AH10188,DL68426
CG92131,CG92131
BZ37881,BZ37881
DR73448,DR73448
EF87424,BE362993
BY189764,BY185719
CW330887,CW330887
DN110609,DN110609
EH23938,DK7421
BL307339,BL307339
AW180106,AW180106
BB40627,BB40627
DE209291,DE209291
DG24870,DG24870
BP26786,AP41281
AW85208,AW85208
DH35340,DH35340
BY485021,BY485021
BY430814,AN99051
BR94676,BL288215
CW579900,CW674865
AS41251,AS41251
BL259204,BL259204
DE53670,DE110299
DE243927,DE243927
CJ51019,CJ51019
EH546494,EH546494
CW201860,CW112866
EJ8862,EJ8862
BE310402,BE310402
EP81459,EP81459
EP44658,CS19670
ER21765,ER21765
DL5675,DL23793
DE242804,DE242804
AL61044,AL61044
BL151195,BN12147
BN6867,BN61792
CW385601,CW385823
EG27567,DD18909
EH810283,EH810283
BY542312,BY519754
CW578775,CW404212
EG9021,EG9021
BN167721,CW560255
BY241382,EF105027
CT41605,CT41605
EH183049,EH183049
EH296642,EH317708
CW415826,CW415826
EH484557,EH177536
BN10625,BN39686
AN159351,AN229507
EH837938,EH837938
CT3538,CT3538
CG21430,CG21430
EH617805,EH435031
EN26672,EN26672
BY178204,BY137234
DD83004,DD83004
BR128508,BR128508
EG7033,EG7033
DX10268,DK13065
CW878848,CW878848
AM64886,AM64886
CW320188,CW320188
EH255330,EH255330
AK92570,AK92570
BN6867,BN8551
AN38512,AN38512
CY7936,CY7936
BE278984,BE278984
BE181990,BE181990
CW79164,CW79164
DY36126,DY36126
EH324838,AN162821
AW155487,AW155487
AL71042,AL71042
DS87237,DK47978
EH112776,BH116506
BN66633,BN30402
DT57895,DT57895
AN127807,AN127807
BY37601,BY37601
BM44766,BM44766
BY514004,BY515039
BH136129,BH136129
CW306080,CW306080
DK34654,DK34654
CW335482,CW385823
DD60441,DD60441
DB225561,DB225561
CC89811,CC89811
BE12743,DP42482
CT45530,CT45530
AW114793,AW62796
CG108177,CG108177
EG2509,EG2509
EH764730,EH764730
CG132007,CG132007
CW693958,CW693958
DT22449,BL39718
BL198782,BL198782
DE56066,DE139008
DB188956,DB188956
CC18562,CC27042
EM76555,EM76555
CW646290,CW646290
BN352414,BN352414
DA82650,DA82650
CW69669,CW69669
CC87340,EC13550
BX16488,BX16488
BJ21420,BJ21420
BE105549,BE139041
DY27335,DY27335
AN143046,AN143046
AS9297,AS9297
EH143352,EH143352
BN35003,BN35003
DN58689,EM117314
BR37132,BR37132
CW402827,CW402827
EF33754,EF33754
DX24001,DX21612
BY562459,BY562459
DC2414,DC2414
EH759186,EH291611
BD44013,CW638751
BR158959,BR158959
BL297996,BL297996
CG67230,CG67230
CW361265,CW641199
AL86119,AL34338
EH372909,EH457551
CW297516,CW419265
AJ22149,AJ22149
BL242383,BL288215
AW49907,AW43884
EH88877,BR77001
DW62339,DW62339
BY211787,BY308956
EH62638,EH62638
BH56487,BH56487
EH351758,EH351758
CW285008,CY27621
CW800703,CW800703
DD58542,DD67086
CW224747,CW84038
AA17749,AA17749
EH710246,EH245071
DR75680,DR75680
EH658774,EH658774
BY559562,BY559562
CW539907,CW284596
BE2274,BE2274
EF20151,EF20151
BY394581,BY443246
CH21720,CH21720
DL50395,DL50395
EH782457,EH782457
DT134436,DT134436
EH157334,EF158230
AW170732,AW170732
CW118059,CW118059
EH272252,EH323442
BG9532,BG9532
BE30236,BE30236
AS26363,AS26363
EH77382,EH77382
CJ50894,CJ21197
BE233289,CW1280616
EB63410,EB63410
BR118889,BR118889
DE78722,DE57010
CW439686,CW439686
AG47480,AG47480
CW346076,EH1307303
BK34639,BK34639
EH257896,EH257896
BN384472,BN384472
EH515163,EH515163
DZ15375,DZ15375
DZ41227,DZ41227
BL339151,BL339151
DN94764,BF21557
BL176392,BL176392
EH279422,EH279422
CC74897,CC74897
AS21283,BG56790
EH174459,EH299252
EH418393,EH418393
EH196234,EH250252
EF130941,EF130941
EM72414,EM72414
DE262421,DE262421
CC28222,BN156422
DL173928,EH551265
DB70966,DB70966
CG130674,CG130674
CW230229,CW442973
AE15590,AE15590
ED13629,ED13629
DP10571,DP10571
CW257311,CW337480
EH482857,EH482857
BY50914,BY50914
DD69435,DN63705
BE205529,BE205529
DN126336,DN126336
BN363468,BN363468
DE52778,DE310441
AW171385,AW71127
EM12810,AM28549
CW886665,CW886665
BR166959,BR166959
BS6936,BS6936
BC37809,EH479000
EH196986,EH196986
EH433299,EH433299
AP54674,CC127526
AL209500,AL346355
CW225901,CW336684
CN64900,CN64900
BL134526,BL134526
CG97989,CG97989
AP54657,AP97472
BY431367,BY431367
BY517854,BY517854
EL22291,EL22291
CW266169,CW266169
BY178176,BY178019
EH406151,EH688298
CG47557,CG47557
DD108613,DD108613
AK3301,AK3301
EH484584,EH484584
BP22137,BP22137
DB229057,DB229057
EH10685,EH10685
AN157850,AN157850
EH189547,EH363879
CT23460,CT23460
CW609808,CW609808
BN355005,BN355005
EH434907,EH786513
AA66815,AA66815
CB59658,DX46875
BN119784,BN113346
DB212512,DB133893
BG40254,BG40254
EF20788,EF20788
BL59134,BL59134
DD106397,DD106397
CG15875,CG15875
BN291114,BN291114
CW530871,CW530871
BL141347,BL183850
EN28597,EN28597
EH643822,EH506860
EH139452,EH139452
BE262893,BE262893
DN94158,DN94158
DL10727,DL10727
DB144270,DB144270
CB61940,CB61940
EK16519,EK16519
DE47774,BC16698
BY565930,BY463738
AS19960,AS19960
AA166514,AA166514
ER22470,EP49431
BN128565,BN115258
BY525998,BY525998
EH70062,EH70062
EH872392,EH872392
DT66672,DT66672
BN348488,CW642295
CW759577,CW759577
CG77471,AN120219
AJ2417,AJ2417
EH630442,EH630442
EH449446,EH449446
BN416114,BN416114
DD107442,DD107442
AP44963,AP44963
DX5734,DX5734
CW337332,CW337332
CT28669,EH39728
BY346024,BY346024
BL184234,EA16361
CW306906,CW457226
DH15091,DH15091
BN10794,BN61792
BE277164,DB120122
CW519435,CW519435
DT109438,DT109438
CJ120845,CA76467
CG103663,CG103663
BN348416,BN348416
CW693907,CW1360361
CJ104905,CJ104905
DL88644,DL88644
AN31681,CK5374
BN406510,BN406510
CL7214,CL7214
BA14936,BA14936
CW675124,CW675124
DW47416,DW47416
BY374821,BY374821
EH35641,EH35641
CM43004,EM2145
DX51300,DX51300
CB74520,CB74520
CR10041,CR10041
CS2942,CS2942
AN163547,AN163547
BY315950,BY315950
CW674467,CW674467
BN46214,BN72125
BN376237,BN376237
EF161098,EF161098
CW895719,CW883114
EG11418,EG11418
DX15820,DX15820
DE153800,BW27748
DZ33075,DZ33075
EH850282,EH850282
EH701181,BN523244
DH44532,DH44532
BY100581,BY100582
BY248214,BY433536
CW296440,CW1037758
BY304949,BL74970
EH768623,EH768623
BL220957,EH370171
CW104223,CW419011
DX50834,AJ33962
DX17261,DX17261
BN162144,BN162144
CC33134,DL236305
BE55714,BE55714
CW520930,CW520930
BE154915,BE154915
BR173768,BR169744
BD15835,BD15835
BL73667,BL73667
CG5014,CG67256
EH640951,EH640951
EF87937,EF87937
AP63663,AP63663
DR61455,DA59556
BL352034,BL352034
AW52042,AW81677
EG47247,EG47247
BE245611,BE245611
EF28606,EF28606
EF127595,EF127595
BN324520,BY666178
BL196967,BL196967
EH28784,EH28784
CW577953,DT145560
BX13396,BX13396
EH108388,EH108388
CA6148,CA6148
EH296881,AL137958
BY106334,BY201400
BN321028,BN453345
DB41565,DB41565
AK91299,AK91299
AK109580,AK109580
CW872696,CW1325978
ES20377,ES20377
BX17538,BX17538
CC51772,BX12719
DA74840,DA74840
CL49824,CL49824
EH329145,EH593388
BY446555,BY324950
DS87237,EH861955
AN97531,CG42129
CB70230,CB70230
CJ135607,CJ135607
EH459965,DE78962
BE216698,BE216698
ES15042,CM30893
BE315906,BE315906
CW131690,CW131690
BE200758,BE200758
AM73211,AM73211
BY436561,BY436561
BL253609,BL253609
DB154380,DB113702
CW225022,CW480142
DH13244,DH13244
DD10750,CW318901
BN102842,BN102842
BN342770,BN141316
AL181822,AL270344
BY187023,BY268115
CW47579,CW47579
BY327443,BY307813
DS17343,DS17343
CZ56809,AL190564
DN129785,DN83681
AL72001,AN51713
BM11720,BM11720
EF150018,EF88313
EH635111,EH635111
BE256896,BE256896
AN153679,AN153679
BY45175,BY45175
AA164485,AA164485
BH123995,BH123995
CW365748,CW218725
CW875326,CW751764
BJ35363,BJ35363
AW182378,AW182378
BW40521,AA73951
EH678210,EH510257
CW373444,CW223540
BN333694,BN333694
CP20254,CP20254
DW22775,DW31188
DX23841,DX23841
DW40350,DW40350
ED28668,ED28668
AB33734,AB33734
BC21541,BC21541
AW96534,AW96534
EH444683,EH444683
AA164161,AA164161
BE264001,BE264001
DS74451,DS74451
BN371352,BN366521
BR73592,BR73592
EH330992,EH330992
CW449722,CW378419
EH541436,EH541436
DC18021,DC18021
EH686359,EH686359
EP2365,EP2365
DE235962,DE288573
CW210233,CW291294
CC112433,CC112433
EH311920,EH311920
DB25265,DB25265
BN61855,BN61855
EH390491,EH390491
BY442514,BY454379
EH627306,EH627306
EF88313,EF88313
BH100531,BH100531
BR169458,BR169458
CW647674,CW647674
AH7791,AH7791
DT63929,ER30679
DL44789,AS25535
BE6620,BE419562
BE85149,BE62524
DT74048,BP16411
CW902593,CW902593
CG100200,CG100200
DL194185,DL194185
CW672027,CW672027
BY515807,BY515807
EH248424,EH292507
DT90164,CJ52346
DL11086,DL2486
AY27082,AY27082
CW56677,CW70353
BD60144,BD60144
CW116826,CW49428
EG27228,EG27228
BR150153,BR150153
AN145859,AN145859
AW91519,CL56405
DT133828,DT133828
BN9718,BN39686
CW890392,CW890392
AD6798,AD24263
AK27676,AK27676
CS18395,CS18395
BE253380,BE253380
BN400341,BN400341
BR75782,BR75782
CS27723,CS27723
BY51208,BY51208
BN312525,BN161580
BN278700,BN278700
EH687950,EH687950
DX29414,DX29414
DA96823,DA96823
CH44158,CH44158
EM86383,BR147045
EG40699,CJ102169
BL282331,BL282331
DA95719,DA95719
CW276162,CW317284
DL3314,DL23475
EM28418,AN118728
CH48055,CH48055
DL135336,CW492873
AX20498,AX20498
CW263666,CW385607
AN98789,AN119547
BN152608,BN152608
AZ4950,AZ4950
DR90157,DR90157
AN27373,DD2334
BY255163,DD85674
BN184029,CW1329408
BN21454,BN21455
EH157884,EH157884
BZ54255,BZ54255
EH243794,EH475099
EF136271,EF136271
DA96966,DA96966
CC85339,CC85339
BN43564,BN5388
CL8605,CL8605
DG50067,DG50067
EH268909,EL80280
EF88429,EF88429
AN146341,AN146341
CW871748,CW871748
BX17808,AS55164
DS68428,DP7043
EF54904,EF83250
CW289543,CW1264498
AX21163,AX21163
DR82512,BL368581
DB156306,DB324040
DY2554,DY31228
BY369354,BY106475
DD71689,DD71689
DE26107,DE8499
CW901399,CW1298991
DT121120,DT121120
CW181814,CW181814
BN27520,BN6184
CW14918,CW14918
DE153418,DE153418
BE238453,BE238453
BL291333,BL291333
BM48651,BM48651
CB25069,CB25069
AX48229,AX48229
BY539744,BY539744
DL34171,DL33367
CW875166,CW386401
BN415013,BN415013
CW369581,CW444577
EH113484,EH113484
BB77481,BB77481
DL11953,DL20735
DD103378,DD103378
CW108304,CW108304
EF11669,EF11669
BL302061,BL302061
CW131426,CW432278
BL97098,BL326351
DE73450,DE73450
EH422876,EH422876
AW119726,AW119726
EH193196,EM54760
DB148576,DB148576
CN57618,CN57618
EH758022,BL340100
DT113892,DT113892
CW657485,CW657485
EM43163,EM43163
AG45168,AG45168
BY556577,BY556577
AL238128,AL18132
BN27520,BN64240
EL30904,BL98887
BH68237,BH36913
AW185214,AW185214
EH872627,EH940358
AA79023,DN95777
BM57832,BM57832
CG93338,CG93338
EH441050,EH263811
EH534323,CW519577
EH163195,DP9466
AN63256,AN63256
AN106743,AN106743
CW343407,CW343407
CW204350,CW71293
BY77191,BY77191
DL192517,DL192517
EH761980,EH761980
CJ122507,CJ122507
BD108705,BD108705
EH612319,EH612319
BE277164,CW632532
DD93436,DZ27525
CC120633,CC120633
EF52164,EF52164
CW648830,CW648830
BY263320,BY263320
AN37268,EH431124
EJ16284,EJ16284
EF69333,EF69333
AN52777,EH197180
CZ43092,AN89609
BJ11344,BJ11344
AG8693,AG8693
AB13084,AB13084
AN158518,AN158518
DF8511,BD33897
DT87386,AM6199
DM16663,DM16663
CM55180,CM55180
AL95186,AL305513
DH34666,DH15306
BL353438,DL202976
EG40231,EG40231
BY39865,BY39865
AP75068,AP75068
DW51884,DW51884
CW814466,CW124542
AW39821,AW39821
EH136174,EH136174
BY133932,BY439331
ER22565,AD16965
AL132513,AL132513
CG7012,CG7012
EF81357,EF81357
BY508054,BY520291
EH548976,EH945772
AA147947,AA147947
AL123450,AL123450
CG130762,EN52499
DR43413,DR43413
AN41754,AN41754
EB55034,EB55034
AA92033,AA92033
CW241802,CW241802
BL246458,BL246458
EH76686,EH76686
EH781885,DE182969
DE73129,DE25889
BY464977,BY464977
CJ136442,CJ136442
BN381305,BN381305
DT109039,DT109039
CW270854,CW646025
DS63046,ER23941
BE201097,BE221904
AL110910,AL110910
EH746564,EH746564
EH20452,EH20452
AG47211,AG47211
CB46441,BW40521
AW159588,AW159588
BR97295,EH323469
DB208239,DB56347
BE228679,BE228679
EH54417,EH54417
AN130861,AN130861
CW519243,CW1262627
AM16642,AM16642
EF9774,EF9774
BE199737,BE136949
DW57811,EM101936
BN34280,BN34280
CW280093,CW280093
BH24188,BH24188
CW177755,CW414938
BE313027,BE318719
CC96466,CC96466
DL98928,DL98928
EF86066,EF86066
DL45865,DL45865
BN310115,BY510213
AN94140,AN94140
BN333319,BN333319
CT18371,CT18371
EH21655,EH21655
BR114780,BR72881
BN290183,BN290183
BN300478,EH1296526
BM21905,BM21905
AP17794,AW74618
AE6460,BN175679
DG47143,DG47143
BH77188,BH77188
EA32964,EA32964
CW94196,CW288863
DD53892,EF45924
EH114550,EH114550
EH287124,EH287124
AP41388,AP41388
AN5453,AN100001
EL23170,EL23170
CW620312,CW485612
CJ96229,CJ96229
EH273209,EH273209
CW217889,CW396732
DR65806,DR65806
BN241195,BN241195
DB87884,DB87884
EH46187,EH46187
CH11923,CH11923
BY425951,BY425951
DW22221,DW22221
DE168981,EH412831
BB37127,BB37127
DL73492,EH608363
EG46522,EG46522
EH459965,EH141405
CM39203,CM63790
BY528292,BY528292
CW175058,CW175058
BL346936,BL346936
BR102762,BR102762
CA2058,CA2058
BN143081,BN182808
CC4898,CC4898
BT5975,BT5975
DX50834,CJ128631
CW530980,CW426218
BN64809,BN47379
EH58215,EH58215
CW264450,CW134292
EH839364,EH839364
BM56481,BM56481
AS64447,AS64447
CE29553,EH538718
EH506500,EH506500
BD80239,BD80239
DL154605,DL154605
EH148123,EH148123
EM30366,EM30366
EH854378,EH854378
BN16632,BJ23376
EH626438,EH626438
BY174053,BY178792
EH56764,EH56764
CW166688,CW300251
DD120747,DD120747
EF102856,EF102856
BL275287,BL275287
AA141861,AA103242
DN54173,DN58120
BN115302,BN115302
DB182602,DB182602
AH23060,AH23060
AW169225,AW169225
DR89111,DR89111
DD117896,DD93414
EH425587,EH99203
EH489620,EH489620
CW788730,CW788730
EH52123,EH52123
BS6684,BS6684
BE90156,BE90156
DB162006,DB162006
BR129913,BR129913
DX45967,DX45967
EH874809,EH874809
BY35415,BY35415
CC8472,CC8472
EH192594,DE157447
CH3155,CH3155
DJ3890,DJ3890
EM90520,EM90520
CZ9452,AA35579
CL39726,CL39726
CW481788,CW433781
EH389343,BD17436
BY147229,AX8780
DA90029,DA90029
BP32939,BY435960
DX42614,DX42614
DL143657,ES12556
CW172616,CW291294
BY103377,BY225544
CG114515,CG114515
BY339260,BY423537
DC22112,DC22112
DL181183,DL181183
DD99568,DD99568
AG28386,AG28386
EH441275,BR107523
AY19209,DP33811
EF138806,EF138806
EH628385,EH628385
CG19300,CG19300
BY563857,BY563857
EM35355,EM35355
CM9306,CM9306
EN51689,EN51689
DE262544,DE262544
DA101273,DA101273
AA4855,BB42699
DL159049,DL159049
CW253807,AA156759
EN63330,EN63330
EH375736,EH375736
DX53199,DX53199
BN137093,BN222787
BL334818,BL334818
BY508425,BY508425
BE35147,BE50137
DA101231,DA101231
DL84197,DL84197
BR131736,BR131736
DZ35024,DZ35024
BH122670,BH122670
BN303356,BN188332
DB137022,DB137022
CW220789,CW153379
EH852999,EL65680
CH25993,CJ70550
CG71539,CG71539
CW186890,CW186911
DE222326,DE222326
BY520905,BY520905
CW524737,CW22719
EH298037,CJ69652
BR29666,CB36089
AB32734,AB32734
CN46373,CN46373
AK14928,AK14928
CP14859,CP14859
BL229099,BL229099
AA165632,AA165632
BJ9199,BJ9199
AZ13025,AZ13025
AN159757,AN159757
EH166997,EH166997
AX11508,CL49429
AL114415,AL114415
DS101754,DS101754
CW406262,CW177798
DY23724,DY23724
EH816390,EH816390
CH2259,CH2259
EH877037,EH877037
EF46869,CW521570
BW52589,BW10192
EH11763,EH11763
BN50617,BN67526
BN322421,BN322421
BE178896,BE178896
AR7252,AR7252
AA47117,BL38403
CL41138,CL41138
EG38233,EG38233
CZ67220,CZ67220
DB21354,DB21354
AN159504,AN159504
CK8503,CK8503
AW156494,AW156494
BL100354,BL204705
CG111355,DL146395
EH414984,EH1280767
CW331964,EM17721
BY467377,BY467377
AC10008,EF94840
EH771447,EH771447
EH315817,EH315817
EH123335,EH123335
DT20824,DT20824
BE245123,BE6620
CJ141999,CJ141999
EH428724,EH428724
CN36700,CN36700
EH439778,EH439778
BY566246,BY566246
EH490549,DD41800
CW73515,CW432278
CW881195,DL126956
DD110943,DD110943
EH42953,EH42953
BE120400,BE120400
BE233289,BE279085
EH15235,EH15235
BB11624,BB11624
EF74925,EF74925
DM15304,DM15304
CG14757,CG8869
BD13527,BD13527
CJ46288,CJ46288
BL190967,EH1285030
BY514213,BY166970
AP44159,AE14342
BL37141,BL366194
EL8018,EL8018
DB177418,DB177418
DE62697,DE72787
CW271146,DE165996
CW544012,CW544012
CC95200,AL161314
EH169140,EH169140
AK103120,AK103120
AA49790,AL31872
DR42207,DR42207
DG43426,DG65630
CJ65464,CJ65464
CW780869,CW780869
BN78436,BN78436
BK34390,AD5042
BL105829,BL231955
CL21085,CL21085
EH406395,EH388140
CW873412,CW873412
DD123359,DD123359
EH578980,EH267171
CW851375,CW851375
AL131469,AL133945
CW325723,CW107416
BN239812,BN239812
CG56393,CG56393
EN43413,EN43413
BG33507,BG33507
AP11233,AP11233
BN343088,BN343088
DY2469,DY24153
DB35424,DB35424
EH51754,EH51754
EF103729,EF103729
BA14791,BA14791
DN126723,DN126723
CW408696,CW408696
AK18056,AK18056
BN144891,BN144891
AW6606,AW6606
BG12574,BG12574
CG89205,CG17141
DB51093,DB51093
DX53468,DX53468
BJ30277,BJ30277
EH166211,EH884901
EG50639,EG50639
DA85977,DA85977
AM44918,BH102589
CW79022,CW79022
AY19209,DP32872
DD66227,CP32633
EM29935,BY177160
AG45038,AG45038
BL319642,DE199918
AN152192,AN152192
DL143657,BN266420
CW310900,CW310900
DD119526,DD119526
EH408018,EH141405
BH106749,BH189781
CE3959,CE3959
DG44839,DG44839
EH781885,EH781885
BJ28855,BJ28855
DB215179,DB215179
EH363124,EH363124
BY511214,BY511214
DA99191,DA99191
CW360808,CW360808
BL100164,DE35229
EH10864,EH10864
DR16131,AM79921
BN416831,BN416831
DE243978,DE243978
BJ33790,EM89621
BE322900,BE322900
DH47408,DH47408
BE277164,DA19872
AN9668,AN9668
DG2462,DG22630
AY18834,AY18834
BH113570,BH113570
DN120468,DN120468
BE104410,BP3342
DS11330,DS11330
DR61595,DR61595
AN150219,AN150219
BN204307,BN162183
EF90185,EC12303
AG12219,AG12219
DN35626,EH439128
EH293980,EH293980
BD91759,BD91759
EH806836,EH806836
CW646551,CW646551
BH77006,BH77006
EH614336,EH614336
CW174124,CW123301
CW187007,CW832904
BN69119,BN50773
DL160220,DL160220
CB47745,BP16411
EG12298,EG12298
DH5846,DH5846
AL190834,AL190834
EH257223,EH1082818
DB150055,DB32389
DD100702,DD100702
CW694539,CW694539
AW106333,AW106333
BL181391,BL230548
BN378784,BN378784
DB205388,DB205388
CG76203,DH20964
BE277471,BE277471
BD95376,DL84791
AN22821,AN22821
DB232774,DB232774
EH54803,EH76176
BN189173,BN189173
AK90610,AK90610
CW77002,CW118059
EH205963,EH205963
CZ78376,CZ78376
EH215164,EH197180
EH562667,EH562667
BY12898,BY12898
EH494685,EH165258
BZ50651,BZ50651
CW618098,CW825449
BH113732,BH83803
EH397380,EH397380
DB186656,DB243124
CW125833,CW57858
CW384994,CW180451
EH832267,EH832267
BL184234,EC12303
CG89072,CG89072
DL26549,DL23225
CZ70214,CZ8814
CW161450,CW176068
CW451179,CW137294
BE42731,BE42731
CD23056,CD23056
CW531882,CW531882
DY20974,DY20974
DE134422,AA80257
BG2755,DL12754
DL16060,DL8723
BY395533,BY395533
DT71785,DT71785
BY204188,BY25612
CW893573,BY501854
DP18802,CA27718
EH414403,EH30435
DE131592,AX35136
BL359145,BL359145
BN47434,BN47434
DW57811,BC50262
BE112662,BE112662
AK82611,AK73820
BJ32705,BJ32705
CG38842,CG38842
AW166959,AW166959
BW5643,BW5643
AP14144,AP14144
DR104651,DR104651
AA64384,EH1296150
BG38206,BG38206
DX49970,DX49970
DX18202,DB162713
EG2298,EG2298
AN133457,AN133457
DC2266,DC2266
AS15146,AS15146
EH27431,EH27431
DT32920,DT32920
CH2724,CH2724
CP33975,CP33975
EF10702,EF10702
BN49325,BN30053
BE145938,BE145938
AS7978,AS7978
BN348488,ES12556
BT11969,BT11969
CG3649,CG3649
EM47232,EM47232
BY192969,DE19504
DB225230,DB76135
BY194481,BY194481
BH9297,DN100190
DR88251,DR88251
AG45568,AG45946
EH439239,EH439239
BN388602,BN388602
CC28222,DN40101
AN34429,AN34429
CC111448,CC111448
DL92117,EH503278
BH136522,BH136522
BR145033,BR145033
CG38382,CG161502
CW253807,BX12719
CW342169,CW342169
CE35559,CE35559
EH77078,EH77078
DG47790,DG47790
CW365748,CW377604
EH394377,EH396744
BN335647,BN335647
AR6822,AR6822
DL164521,EF109801
EH121187,EH121187
DE102152,DE99710
EF28342,EF28342
CC93743,CC93743
EH656498,EH656498
BK21808,BK21808
BL268047,BL268047
CD18095,CD17831
CG91187,CG91187
BN322210,BN322210
BH111107,DN70629
DZ25186,BB63623
ES16060,BP40638
DB224399,DB108344
BE96629,BE96629
CH15638,CH15638
DR66174,DR66174
BY144377,BY223172
EB8536,EB8536
BR151550,BR151550
EF87226,EF87226
BF9995,EM17721
DB185042,DB185042
EJ12559,BY521090
DW32388,BR60883
EM10648,EM10648
BY47373,BL74970
DL102541,AA174998
BL206185,BL206185
BN251935,BN251935
DT120761,DT120761
AK39344,AK69339
CC97416,CC97416
CH41411,CH41411
DE185975,CZ62423
AN123311,AN123311
DB229871,DB229871
CC109673,CC109673
EH211840,EH211840
EH614731,EH614731
BY266047,BY266047
DN117654,DN117654
BE326258,BE326258
BD12515,BD12515
EH757371,EH757371
BD70324,BD70324
DB174899,DB174704
BC47347,BC47347
BR7948,BR15602
AD16382,AD31439
BC6979,BC6979
EF143497,EF143497
EF125727,EF125727
EH730507,EH730507
EH6789,EH6789
DN50615,DN50615
EH473137,EH473137
BE120164,BE49451
CW887092,CW887092
CW891485,CW891485
BY463847,BY463847
CJ119148,CJ119148
DB177212,DB177212
EH835755,EH835755
AM36197,AM36197
CW226846,CW313657
BY334464,BY325703
BP15557,EH201589
CC120564,CC120564
ED17392,ED17392
EA32104,AS44574
BH18767,BH18767
DA61594,DA61343
EP61461,EH1307303
CW622259,CW382406
BL166801,BL59965
DR72375,DR72375
BR173647,BR173647
DT93284,DT93284
AX15167,DN40101
BY369051,BY309744
DM25304,DM25304
CW424359,CW303741
BY140096,BY267875
BN107228,BN107228
EH687857,EH730591
BE236333,BE236333
DT10056,DT10056
BY449504,BY449504
AB11938,AB11938
AP24552,AP24552
AL194091,AL194091
BN50992,BN50992
DN54439,DN28737
DZ38011,DZ38011
DW57811,EH362485
CC30021,CC30021
AN107895,AN107895
DR89586,DL73546
DE221112,DE221112
BL33798,BL33798
BN173095,AA156759
BN368639,BN368639
DE226350,DE226350
EH2592,EH2592
CG122205,CG122205
DR107119,DR107119
CX12830,CX12830
BY62823,BY60928
EH834918,BP27530
DY33218,DY33218
CM41286,CM41286
BJ24126,EF153101
BY329851,BY329851
BN209641,BH32708
EH755185,EH425395
DD61672,AS44574
CW276352,CW304733
EG31409,EG31409
AW87433,AW87433
DX34261,DX34261
BJ7638,BJ7638
EH201824,EH201824
AN19901,AN19901
EH77252,EH77252
EH337144,EH60606
CW642295,CW896498
CW168029,CW121773
CW126062,CW471116
EH341698,EH599169
DH30469,DH30469
ED35208,DE151863
BN22280,BN59805
AM38421,AM38421
DH38797,DH38797
DJ4597,CN68621
CW40916,CW671074
CG5637,BY147374
AW127121,AW127121
DH11643,DH28177
DW31117,DW47546
DK14426,DK14426
DD127701,DD127701
BG38472,DE120191
EH481154,EH481154
BN414296,BN414296
DL19530,DL2486
BN172089,EB55638
DD32261,DD32261
BL236760,BL236760
BN15085,BN15085
EH142044,EH117040
BL237803,DB61101
CW840754,CW840754
BL216876,BL216876
AL169047,AL169047
CB50402,BE414130
DL194919,CK12289
DW20762,AM64022
CG124206,CG124206
BE287708,BE287708
EN60328,EN60328
AS27068,AW154213
DR17584,DR17584
CX11942,CX11942
CW475512,CW475512
DR109078,DR109078
AX35719,EH94873
BN302662,BN302662
CJ129642,CJ129642
BM48927,BM48927
EM28418,AL71663
CW561798,CW561798
DR19305,DD191867
EH356709,EH356709
CW784164,CW784164
EH821924,EH821924
ED17028,ED17265
EH547612,BY320599
EH392138,EH392138
EH73938,EH73938
AA155475,AZ14702
BL326724,BL326724
AA151159,AA151159
DR12471,DR12471
BE233289,CA50627
CE41249,CE41249
BZ31525,BZ31525
BH40474,BH3001
DL76229,DL99447
AP39937,AP39937
BC50262,BC50262
CW861653,CW861653
BD71521,BD71521
DB163866,DH44127
DB71019,DB71019
AT23268,AT23268
AN40698,AN40698
DS100052,DS100052
DT87386,EA16361
CW722923,CW108972
BN332160,BN332160
EH66901,EH113154
CW245735,CW382036
CE21330,CE21330
EH276610,EH276610
CM60993,BR88966
DL56827,DL56827
DG34272,DG34272
CM34379,BC13035
AM45991,CB32725
EH870428,EH870428
BN304841,CN27922
DL2235,DL6091
ES16967,DE120966
DL174975,DL174975
BN230165,CJ43877
CN27141,AS48415
AP42894,AP42894
EH838072,EH838072
CG137958,CG137958
BN252315,BN252315
CC80535,CC80535
BH80998,BH80998
AJ15982,AJ15982
EH657302,EH657302
DS83909,DS83909
AN133065,AN133065
EH310114,EH385668
AH16133,AH16133
BL219397,DB76135
BY19927,BY190519
BY62417,BY211609
BF16372,BF16372
CW479506,CW475793
BN360349,BN360349
AM88564,AM88564
EH773996,EH370081
EH206469,EH206469
DR86109,DR86109
BA3006,BA3006
BN401874,BN401874
BD41700,BD41700
CJ36941,BE55293
BN75487,BN54563
BN32307,BN63958
BJ14620,BJ14620
AL76854,AL114938
DD82848,DD82848
DE154973,BE137905
BL31872,BL281013
EM99536,EM99536
CW493930,CW58150
EH45110,EH45110
DT133447,DT133447
BG11009,BG11009
DL167525,DL167525
BY394318,CA69968
EN29624,EF49062
AS4342,AS4151
ES3210,ES3210
EH770768,EH770768
DG39043,DG39043
DL198639,DL198639
BW10192,BW16766
CM23294,CM23294
BY566476,BY566476
CJ25631,CJ25631
BN419183,BN419183
CH11296,CH11296
CW543704,EH171265
EH215294,EH262149
EM11720,EM11720
EH864221,EH864221
BN67208,BN41698
BN229802,BN229802
BY248520,BY248520
DD106303,DD106303
CJ36941,DW39053
BY58117,BY58117
DE89759,DE93586
BN48484,BN87025
EH733972,CW893573
CW319027,CW214062
DE258693,DE258693
DB213559,DB213559
BL15537,BL99970
AJ5884,AJ5884
DB224122,DB224122
EH428968,BW65166
AA37688,AA3197
EG18162,EG18162
DB231751,DB137426
BE20193,DN9488
DB126418,AW130082
CW219814,CW219814
DA65979,DA65979
BN89396,BN89396
DT87811,DT114291
DR100389,DR100389
BW40521,EF153101
BE142968,BE256576
CW886378,CW676707
BN70274,BN61792
DP36957,DP36957
AN155794,BR154869
BE48126,BE48126
ER23499,DR61455
DX48733,DX48733
DZ14174,DZ14174
AL244546,AL244546
DT99001,DT99001
BP8951,BW4995
CH3849,CH3849
CR13251,CR13251
CD10844,CD10844
CB20228,AY3626
AN39248,AN39248
DB98831,DB168261
CW888398,CW888398
BY502930,DL86005
EH20776,EH20776
DT115699,CW428892
DT41624,DT41624
BN67828,BN67828
DG23994,DG23919
BH40961,BH54524
EG51044,EG51044
BD79181,BD79181
CN44701,BG10354
DE22530,DE22530
EF85284,EF83250
EE5398,EE5398
BN68925,AY46265
BL140955,BL140955
EH269827,EH269827
CW410480,EH384210
AW159769,EN78292
CW410480,CW486443
DE72485,CW223965
CS19525,DR105588
BP38735,BP38735
DZ58166,DZ58166
EP81042,EP81042
EH383055,EH178011
EH480197,EH380431
ED31381,ED31381
CW114776,CW114776
BC22627,BC22627
DD142617,DD142617
BE142968,BP40638
EH871035,EH871035
AB7357,AB7357
BL307421,BL307421
DE115424,BP16411
DR91120,DR91120
EF148506,EF148506
AP54964,AP54964
DL216684,DL216684
AK110484,BB49478
EH695577,EH695577
AW111127,AW111127
AW132703,AW132703
EP67127,EP67127
BN31015,BN44291
BE283565,BE283565
CG13263,BD35397
DL151238,DL146395
DT99001,AY18690
BB13222,BB13222
CW201852,CW105897
CJ5228,CJ5228
CW54068,CW54068
AN63136,AN63136
EH155768,EH155768
AN126639,AN126639
BE322404,BE322404
CW789218,CW789218
DA6200,DA6200
DW30995,DW30995
AW60421,AW60421
AE10039,BY388336
AX13373,AX13373
AA89893,AA89893
DD107999,DD107999
BL300691,BL300691
EH488403,EH488403
CW295595,CW685847
AN161063,AN161063
CE35006,CE35006
EH441963,BP33068
BY236824,BY320848
CP7262,CP7262
BG13398,BG13398
EH608667,DS98965
CW394800,CW154805
BL301452,BL301452
EH49829,EH49829
BN39446,BN68859
EH619425,EH619425
DX50914,DX50914
AA162585,AA162585
BL389619,BL389619
BH74991,AL128287
AW184905,AW157659
DL214155,DL104123
DB6457,DB6457
DE186191,EH655108
CC116959,CC116959
EH664314,EH664314
BY511983,BY511983
BN21404,BN21404
BZ48516,BZ48516
EF117863,EF83250
EH148442,EH148442
EH686958,AY18690
EL55881,EL55881
BH50389,BH50389
DD15776,DD15776
EH384048,EH384048
DT4448,DT8104
DH28194,DH28194
BN358562,BN358562
EF49336,EF49336
BE263058,BE263058
BN325704,BN325704
CC2745,CC2745
BZ13236,BZ13236
EH74149,EH102987
EH850933,EH850933
CD26185,CD26185
BN69888,BN69884
DY18128,DY18128
DZ26177,DZ26177
BR84546,BR97567
EH46539,DT26343
BL8561,BL8561
DB231751,AA122447
DB234759,DB234759
BN39215,BN59674
BN162641,BN162641
BN79933,BN79933
BL62513,BL69368
CW109806,CW109806
DZ46468,BC64602
BY371022,BH71376
AF23584,AF23584
EH843327,EH843327
BY502635,BY502635
BZ29470,BZ29470
DT9300,DT9300
DD122731,DD122731
EH650370,EH695612
BY201689,BY133714
EH104592,EH104592
CJ42229,CJ42229
BR53417,BR53417
DT13859,DT13859
DK22207,DK22207
AL207565,AL207565
BY504992,BY248299
CW81311,CW81311
CW320188,CW136061
DD123021,DD123021
EH168414,EH168414
EH262149,EH262149
BJ10093,EH757366
CG48373,CG48373
AL73827,BN172952
EH609384,EH609384
EH684903,DR105588
AA40186,AA40189
CR19204,CR19204
DG47252,DG47252
BL328225,BL328225
BY527715,BY527715
EH219451,EH454878
EH355343,EH221291
BP47500,BP47500
BN386051,BN386051
EH765056,EH765056
AN148592,AN148592
BR30860,BR30860
DW32388,AK31375
DA100336,DA100336
EH104022,EH104022
DB177648,DB177648
BE86146,BE86146
BN273167,BN273167
EH761946,EH761946
CW851993,CW851993
CW114486,CW114486
CH47153,CH47153
CC99520,CC99520
BY387137,BY387137
CW331575,AM67328
EH33435,EH33435
EP11132,EP44247
EH864855,EH864855
EH463109,EH463109
BY213190,BY213190
DB231751,BP33068
BE313899,BE334873
BY322680,BY681037
BN66045,BN63264
EK19428,EK19428
EH226889,BP13833
BL318683,BL318683
EH446052,EH984862
AA133924,DE202389
CG136266,CG136266
CW886541,CW886541
CB4072,CB4072
CW136841,CW304299
EH862015,EH862015
CW163962,CW301067
EH66748,EH66748
BN75487,BN5388
BN359228,BN359228
AW69407,AW69407
DN128245,DN128245
EH393314,EH393314
EF65178,EF65178
EH218522,CW533426
CW876421,CW876421
EH353555,EH353555
BN360676,BN360676
DE207288,DE207288
AP11618,AP11618
DD101024,DD101024
CW57858,CW101700
DR62287,EM39049
AK83480,AK83480
EH739844,EH739844
CW879940,CW1304548
BN220148,BN220148
BY98993,DN40928
CW520781,CW520781
BC14267,BC14267
BE48094,BE48094
BN361162,BH103162
EH4332,EH4332
EH201850,EH213134
EH324351,EH382776
DD61672,DD41325
EH864462,EH228348
DN89750,DN89750
DB9560,DB9560
CW182029,CW672964
BY210305,BY210305
DG44879,DG44879
BJ34557,BJ34557
CW365748,CW1050840
CB45732,AN51713
BL323266,BL323266
EP36586,EP12486
AB28105,AB28105
EM75813,CM35912
BK28810,BK28810
DE226359,DE226359
BY556106,BY556106
AA162623,AA162623
EH283184,EH122810
BY53615,EP8762
EH745904,EH745904
CW493590,CW426218
CW217501,CW366675
CW797428,CW1304548
AA20587,AA26658
BY219948,BY209066
EH737924,EH737924
BR70278,BR70278
EH647190,EH647190
CA92856,CA92856
DN125916,BL212377
BN319570,BN365950
CW289529,CW289529
BP12784,BP12784
AL160207,AL160207
DJ5824,DJ5824
BH139986,BH139986
BN30927,BN47747
CK9689,CK9689
DH38054,DH38054
BB87166,BB87166
AL246322,AL246322
DD48193,DD10155
BN61594,BN56230
DD77641,DD77641
AM56958,AM56958
CW340963,CW427176
BN336661,BN341187
CW681234,CW681234
AP63803,AN89609
EH263622,EH219488
EH405015,EH405015
CJ139531,CJ139531
CW279842,CW279842
EH718664,EH539927
BD93238,BD93238
BL334423,EH559098
DT113466,BP40638
DR28154,DR28154
AA145419,AA145419
EF117863,AN60411
CW100728,CW365720
DZ4822,DZ4822
BE322646,BE322059
BE113441,BE113441
EH431010,EH431010
ER24188,DL113325
BN3144,BN7337
EH46100,EH46100
BL131991,DE126410
CW273552,CW1284256
AN115114,AN115114
BN291300,BN179212
BE11881,BE11881
AA72194,BL59134
AY13503,DD85674
AN158802,EH834083
DB164401,DB164401
CA76093,CA76093
EL73248,EL73248
BN47871,BN64240
EH831829,EH831829
DX50834,BL340100
DZ19142,DZ19142
EG10102,EG26215
EF35993,EF35993
DR105588,DP32872
EH449190,EH449190
CC110111,CC110111
DL27734,DL27803
BN339135,BN121115
BN61594,BN68631
BL225898,BL225898
EH195399,EH195399
EP57343,EP57343
BE187123,BE187123
DE199366,DE199366
EH287011,EH287011
BL342716,BL342716
EH678557,EH678557
EM91460,EM91460
CW890227,EF127177
DP41612,DP41612
EH231151,EH77330
CW197346,CW180909
CW863248,CW863248
AN155794,EH775272
BC44563,BC44563
EH677416,EH677416
BN108357,BN108357
BE260508,BE260508
BE132034,BE192790
EH601741,EH50744
DY4329,AN118923
AL65949,AL65949
BR114997,DS98965
EH404791,EH404791
DP8580,DP8580
BD44877,BD44877
DE112961,ER30679
CG41759,CG41759
EH32146,EH49782
CC119941,CC119941
BE85990,EH777922
CJ139541,DL104123
EH37937,EH37937
BH114057,BH114057
EH48562,EH48562
DL113928,DL113928
EH298037,EH674626
BN39218,BN55609
AP13764,AW155724
DW52108,DW52108
DN85177,DL146395
DE177538,DE143486
EH389591,EH389591
CG13263,CN42300
DB179424,DB179424
BW41342,BW41342
CW332520,CW401803
DY30400,DY30400
EH708355,EH708355
CE36822,CE36822
AA142046,EF112348
DE13208,DE17440
BN411427,BN411427
CW731002,CW830121
CW870909,CW870909
DE260918,DE260918
CW171662,CW98796
AA152542,AA152542
EM82339,EM82339
EH852999,CB79162
ED2825,DD71682
BL264204,BL264204
CW869771,CW1043746
BY391129,BY391129
BK8541,BK8541
CG23602,CG23604
EH206761,EH243666
EF107405,EF5338
EH97504,EH373536
BR16461,BR16461
DE34205,DE41719
BN325610,BN325610
AA53235,AA53235
CG64574,CG64574
EH39799,EH39799
BL379476,BL379476
BN7510,BN8085
DE257904,DE257904
DB32398,DB32398
AA124718,AA124718
EH621979,EH621979
BY565890,DE262620
BY408596,BY408596
DL129744,BC37557
CW62245,CW62245
BL174524,EF115761
BN160889,BN21244
EH271854,EH271854
EF117863,EA16361
EH486676,EH192550
EM29667,EM29667
CM17809,BD89609
BY2115,BY220804
CA93300,CA93300
EH858979,EH858979
CZ12394,CZ12394
EH185142,EM71447
EH492148,EH381519
EH418231,EH418231
AS77904,AS77904
AZ16116,AZ16116
DB228447,DB228447
CT31825,CT31825
EH113569,EH138175
DX17288,DX17288
BY28093,BY28093
DT2452,DT2452
EJ14501,EJ14501
BN56343,BN159725
EH434636,EH434636
BL73872,BL106376
CG82837,CG82837
CW122627,CW85516
AP58651,AP58651
BE183863,BE183863
DG22941,DG27363
EH518665,EH517319
AF23823,AF23823
DE95589,EH86297
CW354492,CW354492
AA135209,AA135209
BN121196,BN121196
BN12147,BN12147
AN121781,AN121781
DK34694,DK34694
CC4221,CC12922
CW330807,CW387787
CW781517,CW781517
DZ39465,DZ39465
DL209293,DL209293
BY425857,BY267315
BY404739,DN89213
BY560111,BY560111
BH4417,BH4417
CG89983,CG89983
BN37138,BN37138
CW331414,CW389039
AH10622,AH10623
AJ33568,AJ33568
CR18910,CR18910
EJ12559,AG20383
DL18182,DL29149
CZ14969,CZ14969
DE207366,DE207366
CW684795,AL268141
BH24423,BH24423
BH136490,BN229222
BT2226,BL137347
BY98565,BY98565
ED30155,ED30155
EF143277,EF143277
EH359982,EH218246
DR76533,DR76533
AN97531,DA19872
EH128937,EH67565
BD98631,BD79535
EH787658,EH787658
CG85067,CG85067
BY488159,BY488159
BE45431,BE44097
BN32804,BN29506
CG133452,CN74087
CW410426,CW410426
EH773731,EH773731
CW670460,CW670460
CB56576,CB56576
AA91846,AA3197
BJ24126,CC63127
BY517128,BY542789
CJ97072,BL99201
AL70302,AL244116
BN27507,BN63958
BN336661,BN336661
EG2920,EG2920
CW877763,CW877763
DD120151,DE202389
BN31664,CM9523
CJ7843,CJ7843
DT54818,DT54818
CC48326,CC48326
BG41246,BG41246
DK14820,CA23715
BL336632,BL336632
DE119361,DE115905
EG25998,EG25998
EH485169,EH485169
BH147016,BH147016
AX53170,AX53170
AX2754,AX2754
CN76446,CN76446
CZ85510,CZ85510
BR52574,BR52574
DE192953,DE192953
CW463303,CW288020
DY32401,DY32401
BD16570,BD16570
DL164521,AN58164
EH340019,EH340019
BY145185,BY145185
EH419249,EH419249
DH23381,DH11842
BY440590,BY440590
CW751764,CW751764
BY511962,BY511962
EH220362,EH220362
EH877335,EH877335
DE115038,EH453883
EH234581,EH234581
CW519243,CW841471
AS50723,AS50723
BH45137,BH45137
EH539599,EH539599
CA95930,CA95930
CK5351,CK5351
EA44566,BY563069
DS20446,EH127518
BL356096,BL356096
CN44604,CN44604
CW346360,CW535449
DH43909,DH43909
EH692239,EH692239
CM23861,CM23861
BH87716,BH87716
BN413234,BN413234
BX3470,AY4463
CG74876,CG74876
BN75649,BN178302
BF9995,BZ25552
AN52777,EH263426
EF160972,EF160972
BJ14066,BJ14066
DN94764,AX30332
AG47212,AG47212
CC50232,CC50232
BZ4278,BZ4278
EH414864,EH414864
EM18376,EM18376
AK68043,AK68043
CM29777,CM29777
DB216884,DB216884
EH25529,EH25529
EH47599,EH47599
BD85526,BD85526
EH716572,EH716572
BH62806,BH62806
DR97898,DR97898
BY318943,BY318943
AW45783,AW45783
BN35463,BN35463
DK33028,DK33028
CT38209,EH502286
CW727008,CW231725
AL122341,AL122341
BR53266,BR53266
CA50424,CA50424
CW798631,CW798631
AN38356,AN38356
BE248379,BE248379
EH97715,EH223386
AS64549,CW638751
DW15388,DW15388
EF83425,EF83425
AX57529,AX57529
CJ62264,CJ62264
AM38113,AM38113
CW92686,CW92686
CM36915,CM36915
BZ9573,BZ9573
EH771650,EH659703
CG38121,CG38121
DT91428,DT91428
EH760554,EH760554
ES9222,ES9222
DE53060,DE14413
BR144986,BR144986
EF162586,EF162586
DB182420,DB182420
EF114370,EF114370
DE106809,DB119376
CE34069,CE34069
CG35471,CG35471
BH147769,BH147769
CS28303,CS28303
AL130996,AL130996
BE201494,BE201494
CP14530,CP14530
AW152165,AW152165
BJ31324,BJ31324
BY51393,BY49422
AW162497,AW162497
EH246613,EH246613
BR140908,BL180493
BL127188,BL392826
CC63716,CC63716
BD116835,BD116835
EH621647,EH424140
EP19314,EP19314
BN269402,CC18442
EF18529,EF18529
CH10039,CH10039
DB53159,DB155719
DC6866,DC6866
BB57319,BB57319
BL240575,AS51460
EH833257,EH833257
EH390136,EH390136
CW285008,CW508873
EH195618,DB137426
AL195849,AL195849
AW176234,AW176234
DT99594,DT99594
DE162922,DE162922
AN72859,BR114762
EM86588,EM86588
AB21674,BY364960
BH100159,CP26822
DP22550,DP22550
EF88878,EF88878
DH50088,DH50088
DA99737,DA99737
BN68450,BN63958
CR8973,CR8973
DR82293,DR82293
DT87386,EF83250
DR17977,DR17977
EF129952,EF129952
CM19862,CM19862
EH741820,EH741820
BY406832,BY406832
CW893573,CW1005954
BY152199,BY750095
CH39979,CH39979
BN393834,BN393834
DA64717,DA64717
EH858829,EH858829
DW42013,DW42013
AJ10600,AJ10600
EF98601,EF98601
DT97224,DE147752
ES4767,ES4767
DR42479,DR42479
CC13664,CC13664
EA40047,EA40047
DZ28146,DZ28146
CC111488,EF43372
AA155835,AA155835
BY175695,BY216380
DC7624,DC7624
BL163841,BL98887
DG41523,DG23116
DG48558,DG48558
DX50199,DX50199
CW895719,CW285147
BE181467,BE181467
BY89341,BY89341
EH456989,EH456989
AA19035,AA89893
DB153361,DB153361
EF161779,EF159788
EH644090,EH595075
BY267816,BY455190
BY567101,BY567101
BY408971,EH143755
DN62500,DN62500
AN139806,AN139806
DL208570,DL208570
AA94962,AA94962
EF111327,EF111327
EH163310,EH237210
DE166176,BH105207
CW46215,CW481970
DD86166,DD86166
EH261214,EH261214
BZ13087,BZ13087
BH71449,BH32925
EA43153,EA43153
EK17094,EK17094
EM66360,EM66360
BN213297,BN213297
DZ5000,DZ5000
BR147045,BR149167
EH393868,EG6379
DT6216,DT12674
AW184144,AW184144
BY47373,BD35397
BN39218,BN36879
DD66227,CW710508
BM16556,BM16556
BL135964,BL125338
CW650581,CW650581
BL64793,ED17166
BL33714,BL254101
AZ14084,AZ14084
CW886135,CW886135
BN57835,BN57835
DB221991,DB221991
EM28418,CC90770
CW530871,CW958904
BE148733,BE186131
AA154916,AA154916
BW34314,BW3271
BN339847,BN339847
BE238886,BE238886
AN42592,AN75836
CW178334,CW1059173
CW877078,CW272506
BH132299,BH132299
DG24239,AR6017
BJ3946,BJ3946
CW230944,CW230944
CW386748,CW386748
CW164710,CW164710
EH345742,EH345742
EH846010,EH846010
ES5429,ES5429
AY19209,DR105588
BN88029,BN60881
DA54211,AN60411
CW112995,CW50188
CW456308,CW456308
EL61559,EL61559
BY560487,CW868297
BN216738,BN215200
DW31117,DW31117
BL218531,BL218531
CH41914,CH41914
CW878720,DN159941
BN404565,BN470359
BE289331,BE289331
BN183459,BN137950
EH680489,DT148550
BY255163,BY443246
CW15539,CW15539
BN247139,BN247139
CW369929,CW369929
DN86406,AL202795
DY15755,DY15755
BY164376,BN25418
CZ14705,CZ14705
AP54674,BW40521
CW373643,DR69792
DR44545,DR44545
AL226857,AL226857
DB217826,DB217826
CZ17565,EA45644
BN293828,BN293828
EH279974,EH279974
CZ11402,CZ11402
BE270922,BE270922
EH231566,EH178119
DX44900,DX44900
DL160497,DL151950
DD74528,CW390907
BN376475,BN376475
BY126269,BY126269
EF144762,EF144762
BN27957,BN27957
CL44268,CL44268
DE125643,DE124610
BY8850,BY177160
BN418692,BN418692
DD13758,DD13758
AA166550,AA166550
AL13776,AL13776
EH734275,EH331897
CC103903,CC103903
AH10623,AH10623
EH184818,EH184818
CW518352,CW518352
AY13503,DB129090
DZ13819,DZ13819
BL384881,EG40230
CD6145,CD6145
DA27730,DA27730
EH240574,EH240574
BN190273,BN190273
EF27447,EF27447
BB45815,EG37129
EH588540,EH588540
DZ35376,DZ35376
AN45352,AN45352
EH73379,EH73379
CW890993,CW890993
DL141145,DL141145
DN96396,DN96396
EL63243,EL63243
AH21526,AH21526
CE20833,CE20833
EH644090,EH644090
BW52235,BW52235
EH295628,EH1221089
BA13787,BA13787
CX19036,CX19036
CW449542,CW449542
CW398869,CW398869
EH284505,EH284505
DF13647,DF13647
DN119000,DN119000
BN327448,BN327448
AW63555,AW63555
BN208093,BN208093
CH36414,CH36414
EH224786,EH245926
DD113503,AP73838
CW893784,CW893784
EM29818,EM29818
DZ39603,DZ39603
BL263240,BL263240
BN344344,BN344344
CW310831,CW150365
CH18393,CH18393
EH26520,EH26520
EL30322,CW823785
EH366816,BL310404
AK96522,AK96522
DM12498,DM12498
BD86863,BD86863
BY415864,BY415864
AA75860,AA75860
BL325758,BL259596
EH222651,EH222651
AA165098,AA165098
BY135974,DS22001
BZ30111,BZ30111
EH193196,CS15465
AL227131,AL227131
EH6369,EH6369
CW436290,CW436290
CW763776,CW763776
EH272330,EH272330
EL29259,EL29259
BB57425,BB57425
DH36988,DH36988
BR169037,BR169037
BN55100,BN55100
EH20922,EH20922
BN248334,BN195463
CW888264,CW1211256
BL204780,BL130977
EF105130,EF105130
EH511095,EH335528
EH340060,EH340060
CP37573,CP37573
DE261636,DE261636
EH832763,EH832763
AB26817,AB26817
EH13563,EH13563
AD4562,AD4562
AK5941,AK5941
CB40446,DB50641
CM56362,CM56362
DW41442,AN38239
DL200941,DL200941
AW6594,AW103378
BL167111,DZ33075
BR167170,BR167170
BN17181,BN68130
BN206157,BN206157
DE214952,DE140917
CW642295,CW817400
CW118059,CW302692
CW434731,CW672964
BE54357,BE254064
BN52091,BN52091
EG40527,EG40527
BN405071,BN405071
CW471503,CW471503
CC112577,CC112577
CW876163,CW866961
DB228507,DB228507
BY478870,BY478870
DL43367,DL43367
CM28731,CM28731
DP31420,DS98965
BN415643,BN434552
AP46487,AP46487
EG14402,EG14402
CG105871,CG105871
AL7012,BA5939
BE300110,BJ21707
DR76008,DR76008
EN25468,EN25468
EH542273,EH542273
AX58550,AX58550
BN142724,BN100726
DP9346,DP19534
DL130688,DL130688
DE243088,DE243088
BN362668,AN128278
AL51042,AL47932
BL122655,BL122655
CM45653,DE155464
DN45572,DN45572
AS65803,AW180573
DT109314,EH714368
EH600187,DX46676
CG87048,EN52499
BH81466,BH133445
EH90316,EH90316
BY563187,BY563187
EH511095,AW91519
DL73237,DX36166
CW487544,DL126956
CW199632,CW199632
CH29356,CH29356
EH777355,EH300662
BY35117,BY441197
BN168704,BN168704
AL154207,AL154207
EF39009,EF39009
AM44914,AM44914
AW140477,AW140477
EH131459,EH131459
EH581841,EH581841
AH9009,AH9009
BN8593,BN8593
EH64447,EH64447
BE69464,BE69464
BJ29655,BW4187
EP76145,EP76145
DN70366,EH561881
DL173928,DH36071
BN135637,BN31947
BJ29609,AF16243
BY505359,BN359033
CW870935,CW870935
AW150857,AW150857
DY13459,DY13459
BG35454,BG32333
BN35127,BN30053
DB201296,DB201296
DR36330,DR36330
CW249464,CW105646
BE326594,EH1075605
BL41096,BL54349
CB10916,CB10916
BH135672,BH135672
EH55794,EH55794
BD44013,EM54760
BY213564,BY177643
EH113795,EH113795
CW901936,CW901936
EF87250,EF87250
DD10448,CB50730
AL126224,AL126224
EG19161,EG19161
CW57775,CW57775
DB127894,DB127894
CW326706,CW535449
CY19486,DZ53596
DN78998,DN78998
BN333903,BN333903
EH85924,EH85924
DR14796,DR14796
AL197247,AL197247
CW887446,CW887446
BN185366,BN86412
BY520957,BY520957
EN32638,EN32638
EF122811,EF122811
AD23598,AD16508
DL129019,CW401738
EL67030,EL67030
DD118211,EN78292
DN33221,BY102558
AK43542,AK43542
EA23743,DW47430
EH709092,EH709092
BE38622,BE38622
AN161045,AN161045
DB190426,CW850159
EH189169,EH189169
AX29197,AX29197
CW199658,CW248544
BE322757,BE322757
EH755531,EH755531
DN69780,DN69780
EH177451,EH338993
CJ68972,AA28070
EH424314,AM41700
EH394407,EH449883
BN115823,BY430732
AA167293,AA167293
BW20553,BW20553
EH348617,EH463357
CW607269,EF113861
CS27767,BN235550
BJ11380,CW623626
EB58934,EB58934
EH421987,EH421987
BL4713,BL4713
BY332467,BY332467
ES20626,BT3403
BL286966,BL286966
BN205960,BN79973
BN214220,BN75579
BN86066,BN86066
EA17740,EA17740
DE182846,DE182846
BN14985,BN51045
DB144388,DB144388
DP14695,DP14695
BC54413,AP3848
DJ6351,DJ6351
EH421210,EH1033103
DD121581,DD121581
DX53522,DX53522
BY332416,BY332416
BN126689,BN126689
EN20827,EN20827
EH125018,AT17004
AW138625,AW138625
BY498938,DE227972
BN8777,BN8777
CW107904,CW107904
DA88470,DA88470
CZ54384,DL94313
CW114261,CW114261
CW901345,CW901345
EH50034,EC10445
CM11875,CM11875
CW579900,CW624662
DK31863,DK31863
BL240828,BL240828
DB57034,DB57034
CC106036,CC55330
CW189864,CW627120
EF53889,EF53889
DN77635,DN77635
BE63985,CC127526
CW51927,CW492450
BN120543,BN120543
EH11750,EH11750
ED3229,ED3229
BY47211,EG22724
AN77982,AN77982
EH184988,EH158425
BG10023,BG10023
DB207699,DB207699
EH48957,EH56309
BL387112,BL387112
CW211543,CW237814
DE24229,DE24229
BL69648,BL153515
CW864438,CW864438
EH113498,EH113498
BY509629,BY509629
CW738368,CW738368
BN32267,BN52482
BD37343,BD37343
DH41001,DH41001
BE123357,BE283803
BY40959,BY362677
CW124345,CW330280
BC50262,EM101936
AL141629,AP93601
CW142771,CW359458
BE310952,BE310952
BM54572,BM54572
BN74639,BN193631
AA151254,AA151254
BE84939,BE84939
BN188902,BN188902
BN148053,BN228105
AL116480,AL116480
BC52756,BC52756
CX7523,CC50458
DL33566,DL14274
EH323287,EH323287
DL3314,DL30320
DJ9008,DJ9008
DA77979,DA77979
EF96412,EF96412
DG46898,DG46898
CS15465,EF112348
CW186647,CW308788
AM70412,AM70412
DX14830,AG38730
CD17919,CD13730
EH682980,EH682980
DJ14776,DJ14776
BM47359,BM47359
DD131065,DD131065
DW53517,DW53517
BY297989,BY297989
CS2694,CS2694
BY255478,AN60411
CG64361,CG64361
BY479842,BY479842
CW323057,CW214307
BL267568,BL267568
BP31870,BP31870
CH21692,BZ18432
EH678759,EH678759
AA57066,AA57066
EH25539,EH205547
CG55713,CG55713
CW782305,CW1276825
BY288566,BY288566
CZ35892,EH695612
BN116544,BN314630
BP19458,BP19458
DM5846,DM5846
CW332552,CW29608
DZ33055,BY430732
EH665754,EH665754
BJ17883,CW54326
EH680283,EH680283
CW282878,CW282878
BN61594,BN45149
BL384203,BL384203
DX50810,DX50810
AN151900,AN151900
CA97632,CA97632
EH58545,EH58545
EH703208,EH703208
DA59759,BM39658
CW191489,CW1157984
CJ111163,CJ111163
EH273326,BR48395
AW174796,AW174796
AX19101,AX19101
DL123547,DL123547
CW347821,CW613990
DB11250,BC12910
DA94135,DA94135
BN231179,BY520291
AJ24186,EH380431
EF115009,EF115009
CW50128,CW536440
BE274828,BE274828
BN407044,BN178816
EH184355,EH320385
EH638785,EH638785
BL341278,BL341278
EH345087,AA95148
DD15776,DD214218
BN323283,BN323283
CW493200,CW493200
DB233927,DB233927
BM12784,BM12784
BL341168,BL341168
CW192792,CW426218
BN225215,BN267900
BN124771,BN124771
CW631967,CW631967
EH65787,EH58420
AA47422,BR92435
DD104126,DD104126
BP48950,BP48950
DS69576,DS71230
EH763301,EH984862
BN57497,DL23225
AS71479,AS71479
AY29924,AY29924
DL18182,DL23024
DG50143,DG50143
EH195618,EP29500
CW286533,CW286533
BG4735,BG4735
AY5724,AY5724
DD124420,EH679207
AK69373,AK69373
CW343465,CW76752
BY378057,BY226407
CW150857,CW827394
EH193111,EH193111
CW334986,CW334986
EH408385,EH342518
AL188745,AL188745
ER14296,ER14296
DN94764,EN52499
EK8706,EK8706
DB201074,DB201074
CW221820,CW434727
CW45113,CW45113
BN202483,BN231995
BN75930,BN75930
CJ5453,CJ5453
AK84869,AK84869
BM57413,BM57413
EH534710,DB188956
EH37913,EH37913
EH627423,EH627423
EM89869,EM89869
EM29637,EM29637
BE175149,CA49355
CT19244,CT19244
EH841076,EH841076
DL81817,DL81817
EH193196,EH415656
DB215657,DB215657
DL122696,BL167111
BY515576,BY515576
EH3201,EH109170
EH150215,EH150215
BY288732,BY343889
DE61238,DE61238
BK36756,BK36756
BL237803,AN51713
EM81193,BL59134
BW51766,BW51766
BD43283,BY443246
BL156809,BL156809
DB122976,DB122976
AN130260,AN40601
AS16369,AS16369
EH782956,EH782956
BL388271,BL388271
BY200677,BY106475
CW130775,CW199519
DD57461,DD57461
BR143870,BR143870
EH31968,EH31968
EH870494,EH870494
DN120508,DN120508
BY559979,BY559979
AY28630,AY28630
BN14558,BN14558
AL60439,AL60439
EH770169,EH770169
CW861955,CG120991
BN254319,BN254319
DE30863,DE108344
EH11457,EH11457
BN38905,BN38951
CW548814,CW548814
CG88163,CG88163
DR71543,DR71543
AM12568,AM12568
DL104294,DL177855
AX58555,AX58555
EH386814,EH386814
BL349488,BL349488
CW262961,CW938967
CZ63685,CZ63685
AL100942,EF105027
AZ6126,AZ6126
AL18773,AL18773
BM55819,BM55819
DB79769,DB79769
EN62061,EN62061
DY30840,EB78820
BL249274,BL249274
EH79416,EH608363
DL49291,DL9146
CC49919,CC49919
CW392902,CW445648
CW882622,CW882622
EH150630,EH150630
EH784041,EH784041
DD103378,DD142611
AA16549,CC23929
DX30490,DX30492
BN50291,BN50258
CM53261,DB130902
CT5587,CT5587
AX52133,AX52133
DB194179,DB194179
BY340873,BY340873
EH382135,AP50084
AE8529,AE8529
BY426772,BY426772
EH605169,BE113099
BL345307,BL345307
BY241382,DB59601
DX3285,DX3285
EH59781,EH59781
CW670574,CW670574
CH41581,CH41581
BN159887,BN159887
EP7862,EP7862
CY30057,CY30057
BB75475,BB75475
BN102881,EP41902
CG82837,AS55164
DB178555,DB162063
EA28931,EA28931
BE20635,BK5566
EH272781,EH272781
AA138252,AA57915
DE144436,BL234068
AN160456,AN160456
CW81730,CW81730
BN130710,BN130710
BE246629,EN78292
CW895232,CW895232
CW890811,CW890811
DX31048,DX31048
CW854731,CW854731
CG44060,CG44060
AL228602,AL228602
EF73584,EF73584
EH17856,EH17856
AA19035,CW213218
BE101075,BE114984
CW626289,CW626289
EH781281,EH781281
EB39849,EB39849
BR104686,BR104686
BL58711,BL58711
CB50402,AN89609
BL267388,BL267388
BR11949,BR11949
AL118709,AL118709
EC7120,EH370171
CW60791,CW60791
EH708760,EH708760
AA158367,EF105456
BL384072,BL384072
EF16909,EF16909
DR104114,DR104114
BL276092,EH327445
DA53728,DA53728
BY241382,BN252255
CG100691,CG92906
BY474240,BY474240
DP9627,DP9627
CW282987,CW895852
EH846546,EH846546
DT106407,DT106407
EA18605,EA18605
BL286544,BL286544
DL129019,CM53261
CC80372,CC80372
BW25692,BW25692
BN22711,BN22711
AL118329,AL118329
EH697780,EH697780
BE259724,BE259724
EH212641,EH102987
AN54349,AN54349
CW101434,CW468918
BH68269,EH106114
EH394377,DP58413
DL216605,DL216605
CK12816,CK12816
DE250825,DE250825
AW114332,AW114332
BS8508,EH507302
BN70118,BN3388
BL227204,CW439912
EK12350,EK12350
CW137294,CW137294
EH13784,EH1278422
EH680489,EH680489
EN59170,EN59170
CW227351,CW227351
CW504934,CW122169
AA152591,AA43876
EH392410,EH392410
BE20193,BE50137
BN73473,BN63832
DG40130,DG40130
BH96366,BH96366
DL25410,DL29149
EH286330,EH550302
AA164468,EH1108406
BY364356,BY364356
AA156759,ES12556
DR62971,DR30387
AA79927,AA79927
CG80221,CG42129
EH711804,EH711804
DD71594,DD38391
DX23773,DX23773
EF41521,EF41521
BY551551,BY551551
AK109714,AK109714
DE182025,DE182025
DB169564,AZ12721
BN41598,BL336026
DR11911,DR11911
DB26062,DB26062
BL44878,BL44878
BN386892,BN75579
CR6004,CR6004
EG23361,BD82360
CW888878,CW340244
CN34730,CN34730
BL290699,BL290699
CT38342,CT38342
AA42807,DB35312
BY419491,BY419491
EF73584,CW265125
BL339310,BL339310
DG9956,DG9956
AL123958,BB107807
BL385484,BL385484
CG3928,CG3928
AK13602,AK13602
BY497234,BY497234
AN124095,AN124095
EH100827,EH508570
EM91956,EM91956
AA133249,AA133249
CH47427,CH47427
BL377272,DA64983
AB16946,AB16946
BY412426,BY412426
EH379367,EH379367
CW265238,CW1063082
DB144977,DB195848
AW118047,AW118047
EH61657,EH61657
DY16519,BP16411
BE300039,BE298899
BY178176,BY179257
CW522338,CW523685
CW279853,CW279853
BH146787,BH146787
BN367324,BN367324
CH27717,CW545589
CW885833,CW885833
BY269327,BY392728
BY319045,BY4554
DE128721,DE105571
BY344522,BY344522
BR60109,BR60109
EH577996,EH577996
DG21879,DG22630
DH26029,DH26029
AN158802,AL71663
BL261089,BL261089
AA121837,AA121837
DR95131,DR95131
BN379699,BN214181
AE8291,AM98354
CW198294,CW177522
CW331964,BN155572
BR155875,BR155875
CG98414,CG98414
DB183084,DB183084
EH69955,EH421210
AK13958,AK10762
DN89653,DN89653
BY63882,BY476354
BY373268,BY399562
CB68386,CT47596
BN6867,BN5388
EG41558,EG41558
DT29933,EM17721
BJ30095,BJ30095
AK45675,AN58164
BL104464,BL27435
CW109806,CW196237
DD124420,BD84323
BN259562,BN87857
BP42037,BP42037
BH4853,BH4853
CN14740,AW8291
AM37346,AM37346
CW752017,CW752017
EH363489,EH986068
DE157023,DE157023
AS48823,BY521131
DE90333,AX15459
EH66917,EH66917
BL34558,BL34558
EF37997,EF57333
BN266110,BL76665
BW51014,BW51014
EF73786,EF73786
EH874122,EH874122
CG4938,CG4938
EH264842,EH264842
DB170879,DB54808
AK34562,AK34562
BH36939,BH36939
AL172970,AL172970
AW34047,DY32646
EH814361,EH814361
BN12175,BN29506
AT17959,AT17959
CW302823,CW302823
CW206878,CW436951
BL246347,BL246347
EH617490,EH617490
DK36159,DK36159
EH308504,EH308504
BL250211,DS98965
BN195463,EA21052
CW701555,CW728312
DB140374,DE325419
BM39042,BM39042
EH802905,EH802905
BY560913,BY688708
CW59349,CW59349
AP11618,CM15383
AN52777,BB49478
CW827394,CW147376
BN128287,BN128287
ES22334,ES22334
AS17483,BA5939
DB59806,DB15856
BY46593,BY46593
BE314641,BE129487
EH92426,EH92426
DL216573,DL216573
EH240219,EH240219
EH18941,EH18941
BN371203,BN371203
DL193550,DL193550
AA158840,BL341809
DT37321,DT95583
EH736778,EH291611
BY552578,BY552578
BR147246,BR147246
CC40787,CM31691
AG10053,AG10053
DR11383,DR117881
AA16777,AA16777
CW596364,CW596364
DX4178,DX4178
CW642896,CW642896
BP2330,BP2330
BL368448,BL368448
EH324729,EH324729
CP23211,CP23211
BY9735,BY443708
BZ11475,BZ11475
BY487593,BY487593
CW454966,EM50115
CE10170,CE10170
AP71367,AP71367
BE200844,BE200844
EP56117,EP56117
EH796546,EH1185176
BE204703,BE204703
AK84300,AK84300
EH262779,EH262779
EN57750,EN57750
AW63869,AW63869
CA92983,CA92983
AM72556,AM72556
AK53454,AK53454
CT43605,AL263836
BY505403,BY505403
BN370843,BN370843
DA82201,DA82201
BD16570,CN40667
EP83074,EG50858
CW765698,CW765698
AM78655,BR154869
CZ77268,CZ77268
EE5007,EE5007
CW537174,CW177798
EH189119,BR116266
EH861955,EH743608
CW310050,CW310050
DE221536,DE221536
DD33213,DD97259
BL329285,BL329285
CW502236,CW502236
CZ68930,CZ68930
BL224218,BL224218
EH288913,EH288913
BN277125,BN277125
BY405370,BY405370
AS72572,AS72572
BH143769,BH143769
DL14393,DL14394
BG11002,BG8727
EP51319,EP51319
AH15584,AH15584
AA130322,AA130322
BN420107,BN420107
AG48319,AG48319
DD115823,DD115823
DL164514,DL164514
AS71271,BL357344
CW805435,CW805435
EM89862,EM89862
EH805020,EH805020
BJ35479,BJ35479
DT134420,DT134420
BN341944,BN341944
AK104629,AK104629
BY447175,BY316053
BB58220,AM68350
EH590549,EH590549
CW282572,CW243065
CW867628,CW867628
CW476370,CW476370
EH738530,EH537045
DZ30110,DZ30110
DL102511,CC65125
AS41777,AS41777
DE225192,DE225192
EH732539,EH732539
DD21675,DD21675
AW30129,AW30129
EH824612,EH824612
CH38970,CH38970
AN134257,AN112836
EH246504,EH161556
DS90476,BY310925
DE138522,DE150988
BN236634,BN236634
BD115471,BD115471
AS59319,AS59319
AB37048,BJ21707
AK104601,AK104601
BY554698,BY554698
AK92056,AK92056
BY509964,CW851993
BR172162,BR172162
BN353501,BN353501
AL130986,AL198841
DE93369,DE93369
BY232844,BY232844
BN151393,BN151393
EH101071,EH101071
EP47191,CS15465
EH314169,EH191037
EK17764,EK17764
DK31280,DK27909
AW33853,AW110998
AA100603,AA157037
EH324514,EH324514
BN41535,BN41535
EH140348,EH140348
BF24549,BF24549
EH775893,EH775893
CW463433,CW59502
AM75798,BH143206
AX20791,AX36015
BH133220,BH133220
BR123988,BR123988
EM36334,BR113162
EH98642,EH98642
BL184234,AM6199
BE133648,BE133648
BY306632,DL86561
CW468967,CW1330815
AS54601,AS54601
EH121996,EH121996
AL209914,AL209914
AW109819,AW109819
BL249582,BL249582
BE325551,BE325551
BZ51603,BZ51603
CG57752,CG57752
BN61594,BN36861
AL232345,AL232345
CW786571,CW781517
DE136790,DE186829
BN404124,BN404124
BN233080,BN233080
DE115424,AN51713
DA89887,DA89887
EH848760,EH848760
EH69301,EH728967
AM75111,AM75111
BH117674,BH117674
EH403245,EH403245
EH869784,EH869784
EH535641,EH535641
EH257598,EH257598
EH478716,EH478716
BW48534,BW48534
AM25193,AM25193
EH282043,EH282043
AN118901,AN233988
BN360902,BN360902
BN172384,BN172384
EA16898,EA16898
EH351894,EH351894
EH215164,BX12719
DX11241,DX11241
EH620835,EH620835
EH290126,EH298135
ER29547,ER29547
EF36996,EF36996
DE62483,DE62483
CW143912,BN244605
BR138481,AN159770
DW32740,AK85623
BX9424,BX9424
CW169578,CW169578
BY81786,BY81786
BN47871,BN22695
ES16967,CW253920
EH75468,EH75468
DB128130,DB128130
CW763411,CW763411
AY18419,AY18419
EH224219,EH224219
DW47316,DW47316
DE35209,DE48848
DB196531,DB196531
DD113084,DD113084
AA130062,AA130062
BL116073,BL116073
BY557551,BY557551
CW727008,CW1028208
DH29514,EF83250
AA137952,AA148200
DR87405,DR87405
DL7158,DL15654
CP3883,CP3883
EH79709,EH79709
DB211985,DB211985
EH115096,EH115096
EH169578,AL65047
BN179872,BN179872
AA67731,AA67731
DL134324,DD124293
BF17509,BY406028
CG99316,CC47827
CW734279,CW734279
CX18155,CX18155
DE83834,DE182133
CC70409,CC70409
CC102641,CC102641
EF160354,EF160354
EH362399,EH362399
BY530125,EN61433
DW38556,DW38556
CS9854,CS9854
BY504169,BY761001
BL266667,BL93371
DJ9373,DJ9373
DL136882,DL119424
BN56558,BN49542
BH69945,BH69945
CW174786,CW273552
BY241382,DL94330
BN70346,BN55167
BN31119,BJ14620
AN101640,AN60411
CG73565,CG104404
DN50348,DN50348
AB26384,CB10930
EF61352,EF61352
EH690343,EH690343
BM4999,BM4999
CW451103,CW480361
BL42406,BL157253
AW55267,AW67206
DB231113,DB76135
EH171531,EH171531
CW90396,CW90396
CW74949,CW74949
BL180399,EH1203568
EH773778,EH773778
DA35540,BR132489
DN127969,DT135795
EJ4832,EJ4832
CW850159,CW533426
BL344651,BL344651
EK19777,EK19777
AW158680,AL199582
AS9131,AS9131
DX36020,DX36020
AP78887,AP78887
DL214163,DL214163
AK85169,AK85169
BJ26238,CW113950
EH639431,EH639431
AP49485,BG32333
CW92821,CW167735
BN44580,BN44580
BL125490,BL125490
DA55223,DA59556
DR4127,DR4127
EH164554,EH164554
DL167638,DL54481
EH843408,EH843408
EH717037,EH769215
BY135255,BY135255
BN216738,BN127568
BJ6931,BJ6931
EP82715,EP82715
AA138014,AA138014
BJ10093,AN99051
AA121917,AA121917
DE226181,DE226181
AW182089,AW182089
DR38327,DR38327
DY31973,DY31973
BE96280,BE135424
AB38006,AB38006
BJ31307,BJ31307
EH168251,EH168251
AB10652,AB15611
CW177522,CW177522
AK37775,AK37775
EA19865,EA19865
BE255879,BE255879
DE112961,CW253920
EH712395,EH712395
DL128529,DL128529
AW82149,AW82149
EH756339,EH756339
CW59349,CW67871
BY425229,BY211024
BN419407,BN419407
BY63882,BY159874
AG15864,AG29443
EF140769,DB220364
EH485490,EH485490
CZ80820,CY23616
BL131991,BL123434
EF56447,EF56447
EH112660,EH146437
DB29060,DB29060
EH384143,EH384143
EH349592,EH349592
DD33147,DD33147
CJ28183,CJ28183
AC5186,AC5186
EH514473,EH716087
AW91519,AK31375
BE146558,BB49478
BW20202,BA5939
EH62815,EH429462
BD86700,BD86700
EH846498,EH340931
BL360510,BL360510
BF5659,BF5659
DB73394,DB73394
BL186115,BL186115
AY11799,AY11799
EH557615,EH557615
DA15267,DA15267
DD125165,DD125165
DY3533,DY3533
AX51217,CA87954
CJ142099,CJ142099
BL19268,BL19268
EH128314,EH128314
EG17974,EG17974
BL296467,BL296467
CG123795,CG123795
EH363489,AX27468
CB45732,AL71663
CB31974,CB17203
AX37259,AX37259
DB210956,DB210956
BJ4531,BJ4531
CG91335,CG91335
EH763892,EH763892
AL137891,AL137891
AX49740,AX49740
EG22849,EG22849
AN10052,AN10052
AL96828,AL96828
EB31010,EB31010
BL42405,BL42405
EH305448,EH305448
EJ19499,EJ19499
AW77961,AW77961
BR112639,AM75798
AP81513,AP81513
CZ65820,CZ65820
CW720088,CW720088
EH614413,EH506172
EG49427,EG49427
CY12777,AL66046
EH877455,EH877455
BY393562,BY393562
CW343428,CW157484
EH374608,EH754253
DR86359,DR86359
DL134056,DL107949
AP14332,AP3255
ED22969,ED22969
BN336566,BN336566
EH769321,EH769321
EH431085,EH431085
BZ40617,BZ40617
DT29598,DT29598
EH98162,EH98162
BY434669,BY434669
DZ9757,DZ9757
DE244212,DE244212
BY523803,BY523803
AW166707,AW166707
EF86229,EF222803
CG90091,CG68542
BL265480,BL9653
CH48657,CH48657
CG93371,CG93371
EF34243,EF54553
CW194181,CW194181
BL290633,BL290633
EF118815,EF118815
BY287668,BY447959
BP53936,BP53936
EH151995,EH151995
AW152875,AW152875
AK104662,AK104662
EH546157,EH189326
AW80669,AW80669
EH730106,EH730106
DG25249,BG50460
EF67119,EF67119
CR2830,CR2830
EE2936,EE2936
CW67491,CW50188
DT29933,BN155572
BE263778,BE263778
AA31635,AA31635
DT90952,DT101113
CW737739,CW737739
CL33351,CL33351
BE74778,BB49478
AW72503,AW72503
AS15866,AS15866
AW50667,AW50667
EH678210,EH158425
BM44268,BM44268
BE71753,BE71753
EH443033,EH229338
EH80288,EH80288
BJ22258,BL238727
AA142046,CP26734
BE272359,AK72471
CA19781,CA19781
DN122917,DN122917
BL383399,BL383399
DL96201,DL86100
EF72342,EF72342
EN63164,EN63164
BY391131,BY391131
DH44127,DH44127
DR53716,DR53716
DT79374,DT79374
EM100654,CW730772
BY133227,BY133227
CS12357,CS12357
EH740885,EH740885
EH414676,EH414676
BN82571,BD150693
CW219082,CW219082
EL17964,EL17964
AE22333,AE22333
BE85512,BE85512
CW786571,CW786571
EH781647,EH781647
DT9358,DT9358
EH206555,EH136174
AK27577,AK27577
BL302159,BL302159
AJ32494,AJ32494
CT36889,CT36889
AN145272,AN145272
CW872656,CW606407
BN13457,BN72730
DG51835,DG51835
AB35990,AB35990
DP21863,DP21863
BL385499,BL385499
DR65836,DR65836
EH762610,EH762610
EJ14623,EJ14623
AM90834,AM90834
CJ97062,CJ97062
BL343025,BL343025
EH405284,EH641208
AK75123,AK75123
AS65976,AS65976
BH21360,BH21360
ES12800,ES12800
EH718380,EH450432
EM69322,EM69322
EG6562,EG6562
BN309462,BN309462
BY338827,BY338827
DT95441,DT95441
EH312053,EH312053
DR45909,DR45909
BY449510,AN51713
AL250384,BR107523
BP51370,BP51370
CW277153,CW319092
DN108836,DN108836
EH152339,EH152339
BJ22258,CX11711
DR100364,DR100364
DS50716,DB137426
EM43765,EM43765
CJ141321,CJ141321
BE21165,BE50137
ER21690,BH81587
BP42558,BP42558
CW112319,CW320045
BJ24126,AL288227
EJ15647,EJ15647
BN101746,BN101746
CW208404,CW208404
DB50759,DB50759
BN225215,BN263843
AX48300,AX48300
BW45119,BW45119
EH643615,EH643615
DL157429,DL200768
CW887403,CZ58818
BE59108,BE59108
BH143259,BH143259
DD109135,DD109135
EH871805,EH871805
BY339875,BY339875
DE226864,DE115255
EF50515,EF240036
EM40634,EM40634
DS100819,DS100819
AL2641,AL2641
CB70052,CB70052
BL196361,BL196361
ED14493,ED14493
AL240083,AL240083
AW155478,AW155478
CW593497,CW737373
BY406305,AM76612
DL206780,DL206780
BN49325,BN65814
BL302178,BL302178
BG37800,BG37800
CG4906,DA85699
EJ12559,BB49478
AL76373,AL251295
BY303147,BY303147
CG9590,CW891785
BN57127,BN7337
BY173226,BY173226
DB221880,DB221880
DD141935,DA86983
CZ85679,CZ82692
BC12221,BC12221
DY32299,DY32299
EH868844,EH868844
EH850858,CD21912
AG43775,BY67744
BN175974,BN175974
EH236454,EH236454
EH780440,EH780440
CW846398,CW846398
EH472442,EH472442
CG117911,CG117911
DN115269,DN115269
BY193998,BY131039
BW15026,BW15026
DH48836,DH48836
CW278968,CW278968
BR88481,BR88481
CS15465,AY43072
DP36770,DP36770
AG4398,AG4398
EM85939,EM85939
BN47700,BN47747
DE114254,DE147752
DL83807,DL86005
CC119013,CC119013
EG15920,EG15920
BN27120,BN69559
EA23743,AN118728
DE238861,DE238861
BH131274,BH131274
DE260918,DE239706
EH117830,EH117830
BD46899,BD46899
AC4258,EH153787
EH521175,CT49413
DT109314,DB130902
DB177052,DB177052
DS50716,AW67975
CW126212,CW666022
AE25218,AE25218
BL67135,BL67135
CW346076,AS55164
BE322280,BE322280
BL321151,BL321151
CG31826,CG31826
EH791695,EH791695
BJ29774,BJ29774
EH719685,EH719685
EH204174,EH204174
DJ11145,DJ11145
EG48524,EG48524
BR94676,BR58835
BY408866,BY408866
CS10941,DS34670
BY316562,BY316562
DR61455,AL148710
EH375457,EH169240
CY27184,CY27184
BY526845,BY526845
BH64571,BH64571
BD58218,CM27461
AG2085,AG2085
BW9322,BW9322
CW471503,AD13445
AS23467,AS23467
CW434731,CW202482
BH131983,BH131983
AM39243,AM39243
CG35467,CG35467
DE190374,BY290080
BN357786,DD97113
EH197030,DT75917
AN146463,AN146463
DD15994,DD15994
BL59859,BL59859
DN88716,EH1280767
EN48873,EN48873
EH524297,EH428678
CG3395,CG3395
DY34887,DY34887
EH414055,EH414055
EH207434,EH65200
EH415882,EH415882
EF35900,EF35900
CY25986,CY25986
CW641592,CW641592
DB12912,DB12912
BN322763,BN322763
BJ14685,BJ14685
EH18502,EH322347
BL30102,BL30102
AW157587,AW157587
DW51656,DW51656
CB14275,CG99513
BH79511,DX51750
BL262966,BL262966
CB52212,CB52212
EH606839,EH606839
DF11575,DF11575
DT71062,EF99854
DA96585,DA96585
BH123223,BH123223
DD135610,AW183536
EH573588,EH573588
BY395533,DB205743
CW510241,CW595643
EF112952,EF112952
CW860444,CW860444
DE138522,DB101187
AW20659,AW20659
EF139401,EF139401
EH181181,EH181181
DS49316,DS49316
CM35114,CM35114
AB37048,CW551876
EH66929,AN48144
CA96070,CA96070
DY33262,DY33262
DJ5646,DJ5646
EF70347,EF70347
BN110682,BH89017
BE221260,BE221260
EH223364,DN40101
AS8588,DL20677
DA74177,DA74177
DS60625,DS60625
DR4908,DR4908
EM17077,EM17077
CW83907,CW352306
EA37275,EA37275
EH125419,EH125419
EF116098,EH327445
AW162882,AW162882
AJ12943,AJ12943
DB190080,DB42853
DR35592,DR35592
BY79388,BY12926
EH92649,EH92649
BN47566,BN26834
DE68564,DE146164
BM24913,BM24913
CW772478,CW772478
BD34498,BD34498
DB192376,BE255560
BE74778,BE347266
AA120189,BY536907
BW50950,BW50950
DE66422,DE269447
CW42782,CW42782
DE190374,BY500117
CW866327,CW1343255
EH865601,EH865601
DG50023,AX30332
CW738258,CW738258
BN8510,BN41263
CW387009,CW660951
DT96539,DT96539
BY463490,BY463490
BY434911,BY434911
AL100942,AN51713
BE267670,BE267670
EH560123,EH560123
BR143174,BR30681
EH802039,EH23149
BL349859,BL349859
EH381902,EH224586
CW137512,CW83353
BM22760,BM22760
DR55302,DR55302
CT36724,CT36724
CW731989,CW731989
EH433769,EH433769
CG62383,CG62383
BE217342,BE215770
CW51364,CW324317
EH144387,EH144387
CN55888,CN37737
BY282932,BY273291
DT99001,DE196338
AL40796,AL40796
DG33886,DG33886
BY400806,BY400806
DD85671,DD129822
BN333319,BH75340
BN184658,BN184658
CW357147,CW123301
AN68413,AN68413
AK78492,AK78492
BN416907,BN416907
AA113839,AA113839
CW903092,CW903092
DD116173,DD116173
DZ22995,CW880627
AG46989,AG46989
BL17544,BL122563
BL231547,BL142691
DA91033,DA91033
CM61363,CM61363
BY78195,BY78195
BZ52003,BZ52003
DD136535,DD136535
EH206555,EH82763
CC71982,CC71982
EH369994,EH369994
CW371408,CW371408
EH728816,EH728816
CW521810,CW521810
BY499645,BY499645
BE27593,BE27593
DB209838,DB209838
DG23994,DG23994
CJ86262,CJ86262
DL186086,CW728312
CA50413,EH641208
EH407816,EH695378
DB203015,DB203015
AW181413,AW181413
CW360785,CW1305199
CG3450,CG3450
CW878247,CW730772
DY33083,DY33083
CW113174,CW113174
EH260732,EH260732
AA164468,CR5210
CW438875,CW510033
AP57234,BM68466
CS6644,CS6644
AK60762,AK60762
BH112389,BH112389
EF13447,EF13447
EH733013,EH733013
DB68673,DB68673
CW861004,CW316609
CW115781,CW16889
BY511939,BY511939
CW510241,CW510241
CW876414,AN123311
CW260232,CW260232
BL20854,BL20854
DB87719,DB87719
EH585420,EH585420
CW147376,CW827394
BN419160,BN419160
BY23177,BW16766
BY559899,BY559899
AK95307,AK95307
CW531158,CW633260
EM87584,EH845815
BE277164,BH91934
DT96875,DT96875
AM29110,AM29110
DB163733,DL135053
AN135774,AN135774
CG48184,BE201318
EE4153,EE4153
EH119158,EH119158
DL197061,DL197061
AL72001,CC90770
AK39696,AK94035
BH83522,EM2986
AW40841,AW40841
CG16014,CG16014
DN110466,DN110466
BC37776,BC47259
DD20108,CC156969
DY24007,DY24007
BL224477,CJ39044
CW351642,CW132264
CW98683,CW98683
BN417523,BN417523
DB202938,DB202938
EH360193,EH360193
BL317545,BL317545
BE241450,BE241450
BE319315,BE319315
EH341698,EH341698
AF23854,AF23854
DE259498,DE259498
BE109539,BE70286
AA19059,AA159416
EH27481,EH27481
BE171244,BE171244
CW57858,CW125833
BY213290,BY215770
CW881181,EH658154
AK52355,AX16724
CZ74467,CZ74467
EB6546,EB6546
BL238727,DE174688
AK80853,AK80853
DW56931,DW56931
EH479367,EH479367
AG45408,AG45408
BY243345,BY243345
EH493402,EH369796
CW358902,CW413963
DL192177,DL192177
BL203725,BL203725
DT119961,DT148550
BE58473,BE58473
BY51393,BY355302
AS34640,AS71941
EH376127,EH376127
BB76935,BB76935
EH511095,BR48395
CS10859,CS11249
EN18003,EN18003
EH316885,EH316885
DE110299,DE110299
BE143317,BE143317
EH600187,EH551265
BK25050,CW246356
BN355374,BN355374
CG109872,CG109872
BL165826,BL165826
BN60877,AW30772
AL118406,EH119929
EH266725,EH249676
BL153914,BL153914
EM92513,EM92513
DL192842,DL192842
EH264946,EH405015
BW50952,BW50952
EH595455,EH595455
EH128214,EH128214
DA52641,DA52641
BN40154,BN45232
DN122337,DN122337
DG44016,DG44016
EH57271,EH57271
EH824177,EH824177
BJ23376,BJ23376
AL193728,AL193728
AZ14702,AZ14702
EH567476,EH567476
AL244549,AL244549
CW473734,CW101126
BY38422,BY47049
CW135372,CW135372
DL137787,DL137787
CM24302,CP26734
CW867720,CW867720
EH518665,EH497165
BY147331,BY147331
EH97116,EH97116
BN90638,BN90638
CW569414,CW569414
DA76351,DA76351
AL15508,AL15508
DR107723,DR107723
AW36358,AW96383
AN137657,AN137657
BY152033,BY152033
EH96843,EH860109
EH50661,EH48189
CZ9310,AP13057
BN351288,BN351288
AM51730,AM51730
EN33275,EN33275
DA5395,DA5395
DT18728,DT18728
AL138057,AL107762
EH80033,EH80033
EF135979,EF135979
EH657908,EH657908
BA5120,BA5120
AA21824,AA21824
BY321548,BY321548
CJ143749,CJ143749
EH522078,DN97394
EF75073,EF75073
DE18798,CW1328297
AA48659,CN68621
CZ48268,CZ48268
EH846070,EH846070
BY519943,BY519943
BY346477,BY346477
EH791078,EH791078
AG3220,AG3220
AW10889,AW10889
BZ32807,BZ32807
CG6676,CB79555
EP52017,EP52017
CG20625,CG20625
CG132995,CG132995
DE197704,DE171772
EH494890,EH494890
AN163646,AN163646
DK6720,DK6720
DL135385,DL147470
CW8094,CW243888
EF12232,EF12232
CW487544,CW492873
EH16235,EH32877
EH472440,EH472440
BH57568,BH57568
BL388798,BL388798
AA31824,AA31824
BW2948,BW2948
EH227956,EH266573
DB219565,DB219565
BT11897,BT11897
EF86619,EF86619
CW332520,BR12243
EH446265,EH247625
BL273143,BL273143
BE146558,DB119376
DL83976,DL105275
BY276044,BY276044
CW5685,CW5499
CC10072,CC10072
DN127969,DN126614
CW67985,CW223001
BH104149,BH104149
DY16519,BH91934
ED20705,ED20705
ER27929,ER27929
CG116116,CG116116
AK13958,AK13958
BX16907,BX16907
BN100817,BN149977
EH686375,CN67255
DD111898,DD111898
BK42978,BK42978
AN100981,AN100981
BM12111,BM12111
AA167807,AA167807
DE246401,DE246401
CW859187,CW859187
CT8142,CT22003
CF2861,CF2861
CW289952,CW63523
AG45181,AG45181
BN94712,BN548600
BE274020,BE205529
AK110321,CL62486
CA93605,CA93605
EH134180,EH134180
EH278722,EH278722
ER11488,ER11488
DA57523,DA57523
EH410023,EH410023
CW866513,CW693595
BH4513,BN24021
DB5084,CC20897
CW381263,CW143974
AB17225,AM55622
EF150284,EF150284
AW64343,AW64343
BN143819,BN114998
BN49228,BN49228
BY3203,BY3203
BE195058,BE195058
EH438216,EH438216
EH379588,EH379588
BF24547,BF24547
EH313913,EH313913
CM61936,CM61936
BE36506,BE27566
DL201099,DL201099
BR147402,BR147402
DX6782,EH425304
CG21435,CG137201
DT135562,DT135562
BR165675,BR165675
CY10902,CY10902
AL205019,CT44936
EH4183,EH145400
DR50253,DR50253
EF14670,EF14670
BR154194,BR154194
EH414984,EH641208
AA145405,AA145405
CA93450,CA93450
EH788562,EH788562
DY14869,DY14869
EH463357,EH463357
CW185635,CW394364
EF108456,EF108456
BN283834,BN266420
EH854904,EH854904
CG115536,CG115536
BY395889,BY209066
AB22056,AB22056
BY495845,BY495845
CW460711,CW460711
AB20608,AB20608
AN24631,AN24631
CW639383,CW639383
AN78321,CW691709
AN88187,AN88187
EH729108,EH729108
EF72271,EF72271
DE261419,DE261419
CW375691,CW375691
DX8573,DX8573
CW303590,CW695110
AS56097,AS56097
AN87252,AN87252
AA39026,AA98029
BH43230,BH43230
EH47827,EH352380
EH762783,EH762783
BN48504,BN11494
EH375099,EH375099
EM37807,EM37807
CX4877,CX4877
BN142142,BN140491
EH158246,EH158246
DX14830,ER30679
BN192582,BN192582
DD115069,DD115069
EH290531,EH290531
BB90774,BB90774
EH746844,EH671262
AT12782,AT12782
CW168029,CW839277
EH791618,EH791618
BY567990,BY567990
CJ17756,CJ17756
CW101263,CW396720
DD82857,DD82857
CW802338,CW802338
CW98775,CW239508
DB126418,DB126418
BY264660,BY264660
BD102955,BD102955
EH149895,EH299417
BN157147,BN157147
BW6015,DL28438
CJ34375,CJ34375
CW890710,CW890710
AW180513,ES15089
BL262985,BL262985
DE90842,DL76357
CW49457,CW518750
DX34463,DX34463
EH231185,EH231185
CW487544,CW632532
AN161570,AN161570
BN232567,BY322825
EH505207,DS92507
DL40177,DL40177
AL19722,AL19125
BZ24193,BZ24193
AW169806,CW833910
BP29255,BP29255
EJ22950,AN128278
DS50716,AM6199
BL108379,BL67183
CZ11949,CZ11949
EH398075,EH398075
BL211187,BL337216
CY5688,CY5688
AB33801,AB33801
CG82676,CG42710
CM16999,CM3280
CW105357,CW105357
CZ35892,DE150159
CW890641,CW890641
EH613034,EH300662
CW198379,CW214850
EH449490,EH139093
AG35793,AG35793
CW539954,CW539954
CW42782,CW423750
EF158829,EF158829
BG35454,BN246094
AX56150,AX56150
BM62560,BM62560
EH332902,EH751855
DE263682,DE263682
BN102911,BN250737
EH252168,EH252168
BY534854,BY534854
BY480746,BY488159
BL203762,BY243793
CW228007,CW228007
BH27594,BH27594
EH460344,EH648397
EH182354,EH182354
BL226914,BL226914
EH39779,EH39779
CW463793,CW463793
BY495070,BY495070
CC90300,EN52499
EH323469,EH323469
DE56757,DE56757
CW134553,CW134553
CY12915,CY12915
BH137627,BH137627
DS53107,DS53107
BN415083,BN415083
CW570792,CW570792
DB10836,DB10836
EH286809,EH246883
BR126109,BR126109
DG12201,DG38659
CD5206,CD5206
EH323276,EH323276
DE175137,DE72787
CW315676,CW287216
AA90489,DE100221
DB173859,DB173859
EH871577,EH871577
DR26841,DR40751
EH440022,EH440022
AB34253,AB34253
EP44899,EP44899
EP85408,EP85408
DN127969,DN159941
BY320848,BY320848
AP63803,BG32333
AN112782,AN112782
AX22355,AX22355
ED5620,ED5620
CW185279,CW218063
BY18062,BY18062
CW463881,CW115093
BW2227,EG48470
EH458808,EH458808
AM38148,AM38148
EP47191,EL66859
CA10184,BL4967
BL353256,BL353256
DL143657,CC90770
AR10748,AR10748
DN118626,DN118626
EB56869,EB56869
DE220857,DE220857
EH116846,EH116846
EH193196,EH834083
EH757305,EH757305
DE197890,DE191625
AN92847,AN92847
DB207924,DB207924
EH496625,EH496625
EH339630,EH219679
BS4503,BS4503
AL144068,AL144068
BR34022,BR34022
BE317373,BE317373
CL49365,CL49365
DB22930,DB29166
AA151242,BN366589
EG23361,BX13722
EH106448,EH106448
AS78408,AS78408
DN74562,DA19872
BY358732,CG99513
AY19209,EH546089
BH122150,CC114676
EH749995,EH749995
DX45944,DX45944
CC82322,CC82322
BZ17643,BZ17643
DT22182,DT22182
CC106461,CC106461
EH27173,EH27173
EG39640,EG39640
AL72001,BP16411
BK17249,BK17249
EH650654,EH650654
AN75243,AN75243
EH188862,EH188862
DS80706,DS80706
DP35256,DP35256
EF13276,EF13276
CW533741,CW533741
CG124789,CG124789
EH407799,EH407799
DB226567,DB226567
BE106818,BE73107
AL203965,AL203965
AD25931,AD25931
BY84487,BY26670
AB20680,AB20680
CW451103,CW216383
BL62319,BL62319
EH51972,EH67366
CW391969,CW275423
AL163463,AL163463
CD26482,CD26482
EP68935,EP68935
BL374339,BL374339
BL75436,BL75436
DE234013,DE234014
AW7115,CA35303
BE262505,BE262505
EH273326,EH335528
EH839777,EH839777
CW122627,CW194139
BY413520,BY413520
BY54926,BY54926
AK48520,BB102703
EA7113,EA7113
EH844473,EH844473
AW150431,AW150431
EF76911,EF76911
BL208937,BL208937
EH65600,EH65600
EJ12559,DB119376
CK11668,CK11668
EF163687,EF163687
CP38835,CP38835
AM64268,AN118728
DS3410,DS3410
ER23499,AA101097
AY34589,AY34589
CA96428,CA96428
DE260245,DE260245
BL295235,BL295235
EK10358,EK10358
BM16910,BM16910
EH223364,ED22956
DL173928,DE202389
CR25109,CR25109
CW232200,CW213869
EH7376,EH7376
BL31872,BL31872
AK105049,AK134861
BY87080,BY87080
BY355857,CS32838
EP49108,DM12536
BY410771,DD41325
DL170249,DL170249
BJ13387,BJ13387
BN40167,BN81479
EM28418,BP16411
DE195669,DE139992
BA5195,BA5195
EH819999,EH819999
DS95427,DS95427
CC4797,CC4797
BY449510,BN199840
EH414984,EH295949
BE133336,BE135424
BL352498,BL352498
BK42305,BK42305
EH273344,EH273344
BN283021,DN43038
BY46279,BY666178
DZ38009,DZ38009
BY253693,BN229222
BN200307,BN68976
AB37048,DA79885
BN2361,BN2361
DR108716,DR108716
DT61040,AL292015
DP12621,DP12621
AY34516,AY34516
BY525775,EM88738
BH102246,BH102246
BB88192,BB88192
AG13749,AG13749
BN123147,BN134225
EF113257,EF113257
EF67749,EF83250
DL71547,DL71547
BA14600,CP12903
EH234851,EH234851
DR110114,DR110114
EM48672,EM48672
EH681974,EH681974
EH645362,EH645362
CN68366,CN68366
BY107997,BY125230
BN32307,BN67526
DY15478,DY15478
BT5559,BY622241
BF14466,BF14466
BY114557,DL61477
BR174121,BR174121
EH239945,EH239945
DR101383,DR101383
DZ56607,DZ56607
DG49234,DG49234
AL101203,AL101203
CB50402,DB130902
EM83279,EM83279
AH11374,AH11374
CC121534,BY403990
DE10037,DE37439
EG18497,BN30255
BN32307,BN66390
ED43250,ED43250
CB50347,CB50347
EH71412,CJ87020
EH322405,EH322405
BE208276,BE208276
CW439433,CW117800
CN76596,CN76596
BY97164,BY97164
EF111594,BR60883
BH43733,BH43733
CW612745,CW612745
EH246416,EH246416
AL187766,AL187766
AN123533,AN123533
DH42950,DH42950
AW53089,AW53089
EB48249,EB48249
CW316676,CW478076
ES15089,ES15462
BY104765,BY142630
BZ13529,BZ13529
DD111193,DD111193
EH600603,EH600603
EL72959,EH844977
DD143270,DD69507
AL114071,AL114071
DA89003,DA89003
EH52113,EH52113
DE235938,DE235938
EH658464,EH304960
BH103307,BH103307
EA43706,EA43706
AA20702,BY83713
BE127587,BE127587
EH32468,EH32468
AB37048,AN118728
EH479118,EH479118
CW492666,CW519345
BN108980,BN108980
BE267670,AL175461
DT106390,DT106390
CW114776,CW84038
AN125696,AN125696
CZ58312,CZ58312
BC46107,BC46107
CW784833,CW784833
DB228481,DB228481
BN376863,BN376863
EH35399,DS20356
BE216014,BE216014
BT10962,BT10962
BW50969,BW50969
CG64677,CG64677
EH603754,EH188978
BY496336,BY496336
AN78892,AM24368
EH682643,EH335528
BY278398,BY278398
BE131280,BL258843
DD34657,DD34657
BG31680,BG31680
AA156759,DM12264
EH355765,EH355765
DR86109,EL65680
CG117351,CG117351
EP83151,EP83151
CW578436,CW965004
BL285413,BL335052
EH439453,EH439453
EH232751,EH615910
BL58711,EH42372
DM25991,DM25991
BL49445,BL44712
CW868802,CW868802
EH758092,EH758092
EH385677,EH385677
AW152644,AW152644
DX51591,DX51591
CW706216,CW685929
AG42429,BY398368
BE37782,BE37782
EH190351,EH604091
EH449353,EH449353
EH421755,EH635224
EM29935,EM29935
CG74349,CG74349
AW12260,AW40669
DL123471,DL164450
BY281126,BR100150
EN53100,EN53100
EH807503,EH807503
BY528582,BY528582
CW51363,CW51363
CH42044,CH42044
CJ90393,CJ90393
DS90546,DS90546
BL53116,BL53116
CW355484,CW355484
AN105110,AN105110
CW185776,CW185776
CW821971,CW821971
BN415113,AW67975
AW160201,AW105765
DB226627,DB226627
EH184355,DB188900
AW76430,AW76430
AK107217,AK107217
DZ29653,BW32602
EH388700,EH388700
EH847087,EH847087
EH353081,EH353081
EH95662,DS6931
AA135421,AA135421
DB18366,DB18366
BN352742,BN332373
BN17564,BN77695
CE22107,CE22107
CJ123731,CJ123731
EH650370,DE150988
DE223352,DE223352
DE170859,DE170859
CP26707,CP26707
CW467004,CW600346
BL310636,BL310636
CW349857,CW349857
BY531297,BY531297
DD103208,DD103208
CW879336,CW879336
BE37543,BE17683
ES21083,ES21083
CD21009,CD21009
AN146352,AN146352
AL43018,AL43018
BN39624,BN48566
EH18453,EH18453
EG7823,EG7823
CS28682,CS28682
DL211720,DL170067
DD83970,DD83970
BN314411,BN244557
AY8460,AY8460
BD47892,EH185024
CC86846,CC86846
EH485364,EH485364
EH839952,EH839952
EH5082,EH5082
BY219008,BY219008
EH162501,EH162501
BL265454,BL265454
EH834052,EH834052
BN61075,BN61075
DE110754,DE115905
BL349397,BL349397
DX32856,DX32856
DR23360,BB88886
DX31583,DX31583
DE261477,DE261477
BT11302,BT11302
EH168762,EH168762
BR43676,BR43676
CW330744,CW330744
EH753783,EH753783
CW86686,CW60394
BL174861,BL221911
AA142046,CS15465
EP70599,AN128278
CY28486,CY28486
AJ11664,BY102558
BR51202,BR51202
EH836077,EH836077
BD62207,BD122712
EH429476,EH429476
DE138469,DE125182
BY524844,BY524844
DD13254,DD13254
DL83170,BM60760
DR105588,DR129602
DN27359,DA38891
DN62818,DN62818
AL99798,AL99798
CW670848,CW670848
BN214637,BN214637
EH257548,EH67744
BN323673,EH592909
CG135211,CG135211
EH421790,EH421790
AA123451,AA48493
BR54490,BR54490
CN34696,CN34696
CM13803,CM13803
CW208565,CW1043746
DE189949,DE189949
CW217865,CW895570
BN354385,BN354385
EH25974,EH25974
DD28753,BY3938
EH186199,EH186199
AE5543,AE5543
DL143657,DB59601
BN75265,BN75265
AA69603,AA7680
CW289594,CW563930
BN212811,BN548600
EM56501,EM56501
BH100437,BH100437
DL107297,DL107297
BD90460,BD90460
BJ10093,CW178174
DA50705,DA50705
BH122254,BH122254
BN104008,BN104008
BR130118,EL37267
DR67360,DR113504
BC37776,BC37776
CW381263,DZ38155
BD54247,AK103522
CC4744,CC4744
BE230962,BE230962
AP74362,AP74362
AN44847,AN44847
CW222212,EM50115
CW329439,CW200477
EM9648,EM9648
BR51508,BR51508
BY241382,AN51713
EF88611,EF88611
AX15167,EH673073
CW888107,CW50682
BL232546,BL232546
CR16437,CR16437
EH852999,BG23361
BL381698,BL381698
BN43437,BN43437
EH835542,EH835542
BH69532,BH69532
AN32927,AN32927
DZ56790,DZ56790
DB195058,DB195058
EH775826,EH775826
CG106606,CG106606
DY16519,AN162821
DA80315,DA80315
BY482648,BY508193
CG123160,CG123160
EH547311,EH547311
BK23500,BL131732
BE4525,BE4525
EH789561,EH789561
BR152823,BR152823
BR59898,BR59898
EP68477,EP68477
AK14159,BL131732
CW656855,CW656855
EH93795,EH93795
BM56538,BM56538
CB20228,AN235859
CW436976,CW417070
EF99316,DA3134
EH578385,EH578385
BP15557,BD21011
BY516453,BY516453
AW178523,AW178523
CW110198,CW435033
BB44966,DB101187
BL270814,BL270814
BL8398,BL8398
DD35389,DD35389
BH3363,BH3363
CG95147,BH139509
DT30951,BR87678
BY556236,BY556236
BY223172,BY223172
DT121558,DT121558
BN22280,BN5388
CM20300,CM20300
CW531572,CW749862
AW104789,AW104789
CW886643,CW886643
EH262581,EH262581
CT33473,CT33473
EH182709,EH182709
AM27011,AM27011
EF64617,EF64617
CW675292,CW404142
CZ34106,AL244546
BD86147,BD86147
AB30819,AB30819
CW342945,CW139563
AN60322,AN60322
EH277773,EH277773
AL159873,AL159873
DE161003,DE145670
BY183240,BY183240
BY309058,BY309058
BL19761,DE119129
AC10227,AC10227
EH632798,EH632798
AN26062,DT126633
EH799212,EH799212
BH15410,BH15410
AP71246,AP71246
DE167976,DE150887
BC25086,BC25086
DR61455,EH546089
EH163563,EH84894
AP40606,EH415656
BL41336,AL228641
DB27356,DB27356
DR65190,DR65190
BL15941,BL203725
CJ136328,CJ136328
BY472365,BY472365
BY227728,BY299287
DL25410,DL34561
AM49486,AM49486
BN151876,BN162437
EH781674,EH781674
DN37484,DN37484
BP53313,BP53313
BN47871,BN36861
CA39717,CA39717
AW132813,AW132813
AL205978,AL205978
DK36609,DK36609
EH45027,EH45027
CW831822,CW831822
EM88326,EM88326
AN97531,EL53024
AL239815,AL239815
BY509686,BY509686
CW192792,CW794809
DT41648,DT41648
BL228715,BL228715
BD4490,BD4490
CW747116,CW747116
CW356738,CW599654
BY528643,BY502219
DE22433,DE22433
AA141689,AS19832
EF29871,EF29871
BL387870,BL387870
BY498938,DA59556
EF61693,AN62674
EN16659,EN16659
BZ48536,BZ48536
BN348488,CK12628
BN48578,BN11108
AE25547,EN78292
EN10151,EN10154
CW543062,CW543062
AW13539,AW32163
BE38568,BE151086
EH824612,EH771127
ER15661,AL365671
EH334558,EH334558
EH16396,EH16396
EH163697,EH163697
EH449390,EH449390
CW343856,CW343856
DG32833,DG32833
CG80481,CG80481
BE177454,BE177454
EH95358,EH95358
ED42232,ED42232
EF66668,EF66668
BN13686,BN337051
CW237285,CW518666
CY21554,CY21554
CW156675,CW690070
BC30962,BC30962
DL122696,AL82970
CW706158,CW706158
DB203278,DB203278
DS63046,DS63046
BZ33598,BZ16744
EC17504,EC17504
BL249557,BL249557
CC31763,CC31763
EP60335,EP60335
BY5507,BY624488
CW500981,CW500981
BE296566,BE310256
EM35010,EM35010
CW888285,CW888285
BY256249,BY257043
BN54659,BN54659
EM104112,EM104112
BN364663,BN364663
EF77483,EF77483
BH114236,BH114236
BH124780,BH124780
EH43675,EH43673
CS8458,AY38104
BD85249,BD85249
EH433489,EH289301
DB150060,DB150060
DB140521,DB140521
DD33582,DD15753
DM9472,DM9472
DS95025,DS95025
BN7574,BN33409
BL108168,BL165560
EH741639,EH741639
BN283834,BH91934
AK70573,AK70573
BD115403,BD115403
CJ27911,CJ27911
BR33162,BR33162
DK28459,DK28459
DL122853,DE165996
BZ9765,BZ9765
CW268527,CW37878
DL118533,DL191490
DD73203,DD89507
DR72244,DR72244
AT24333,AT24333
DE239132,DE223632
CW219789,CW219789
EH355084,EH355084
AG46620,AG46620
AW44555,AW26913
BH144197,BH144197
DT99001,BJ21707
BE284949,BE284949
BH50389,DY20516
DA90668,DA90668
AH15699,AL28085
BL190225,BL190225
EN57042,EN57042
BE62766,BE62766
CY21751,CY21751
CX7428,CX7428
CW409903,CW526823
EH623656,EH623656
DA38140,DA38140
BR168420,EH1126476
AW31660,AK151246
AN118923,AN118923
DL133934,DL133934
BL237803,BP16411
BE220966,AA140272
EF101917,DA32973
BE276320,BE332227
CN74372,EM102086
CG107832,CG107832
AE17601,AL117247
CR11868,CR11868
BD23600,BD23600
CW901008,CW901008
EN4304,EN23187
CP34252,CP34252
DB136158,DB136158
BE148669,BE148669
BE71891,BE19298
CC103448,CC103448
BN32267,BN22628
EH48647,EH48647
BE324822,BE324822
ED29427,ED29427
EH122280,EH122280
DB129102,DB334588
DB202057,DB202057
BX12383,BX12383
AA134073,DE157583
BL196200,ER24318
CW101778,CW125707
DB172626,DB172626
BY3898,BY3898
DH39040,DH39040
CG18641,CG18641
DL66843,DL66843
BN173095,BY521090
BN412918,BN412918
CA87408,CA87408
CB26096,CB26096
DD124420,BB119935
AM46094,AM40396
DD89507,DD89507
BJ25982,BJ25982
DE155048,BL259687
DB188900,DB188900
BC40795,BC46687
EH559705,DD9377
EH686958,EH449284
CS19727,CS19727
DP41351,DP41351
BE262849,EP79569
BE157081,BE232218
CT30818,CT30818
CW652333,CW486443
BN240582,BN111512
BW4995,BW4995
BL61600,BL251389
CG100506,CG100506
BY501854,BY543177
AP40606,BN266420
EH735652,EH735652
BG38877,BG38877
EF43991,EF43991
CG99922,CG99922
BY351286,BY184374
EH557433,EH557433
BN103859,BN103859
EF98780,EF98780
BN414012,BN414012
CW819846,CW659648
DT29933,EC12303
BR23451,BR23451
EF92884,EF92884
CG87036,CG87036
EG30783,EG30783
EH324838,EH493601
CW698556,CW698556
BY394318,DE259451
CW177522,CW347529
CW859778,CW859778
BZ2752,BZ2752
AW49211,AW49211
EH188829,EH214712
AN128997,AN128997
DP44248,DP44248
EH175388,EH175388
CW316975,CW796071
EH428484,EH428484
CW495030,CW794888
BR164253,BR164253
DE7238,BL61845
EH592313,EH592313
DR90876,DR90876
EH245257,EH245257
AK109357,AK109357
BR86010,BR86010
EH333420,DE182795
BY185527,BY356160
DX53346,DX53346
CA8647,CA8647
AN68759,AN68759
CW555120,CW555120
BE273797,BW54422
CW204319,CW410814
BE188822,BE188822
CR5227,CR5227
AK12051,AK12051
AN56311,AN56311
DN117333,DN117333
BD106352,BD106352
EH280396,EH280396
CW553600,CW321597
BB89955,BB89955
BR92093,BR92093
EM9862,EM9862
BD93312,BD150693
BY29741,BY29741
CW110279,CW110279
BY399488,BY399488
BE127124,BE39824
EH353455,EH353455
BR151076,AP73838
EH23479,EH23479
BE62613,BE62613
CS7114,CS7114
EH852999,AP88730
CW160045,CW76752
BL21104,BL21104
CE34674,CE34674
EH123092,EH123092
DB98505,DB117824
BL352807,BL352807
CW884951,CW884951
DB208237,DB208237
EH597611,EH597611
CW354737,CW354737
BG6149,BG6149
EL40237,DP32872
BN370982,BN370982
EH16079,EH16079
CW23387,CW8373
CM7163,DB283658
DR8286,DR8286
EP79939,EP79939
EF63234,BL247077
CW265468,CW334271
EH121365,EH121365
EF158670,EF158670
DL129019,CW443526
BR4313,BR4313
CM50166,CM50166
BN396777,BN396777
CW509970,CW391722
AL35751,AL35751
EH111481,EH1199038
BL286056,BL286056
BL117161,BL117161
DT67540,DT67540
BN54394,BN54394
DG50023,DG50023
DE157002,DE157002
AW158500,AW158500
CG118539,CG118539
EH469662,EH469662
EM99056,AA140272
CW192792,CW672964
EH546517,BR169458
AG8312,AG8312
BY31064,BY61961
BR105502,BR105502
EF131976,EF131976
CC120095,CC120095
CW668326,CW668326
EH196031,EH196031
DD8361,DD8361
CA4465,CA4465
BW4322,BW4322
CW669230,CW672964
BY344679,BY467929
AB12018,AB12018
AL19059,AL19059
EM14294,EM14294
EF10996,CW546899
BW28030,BW28030
AN139399,AN139399
AN133265,BZ19547
DR97401,DR97401
EH855042,DE46617
BP29255,BP20115
EM40180,EM40180
EP48897,EP48897
DN13841,EF19919
BR154912,BR154912
AW121721,CT49413
EH854207,EH854207
BE252048,BE217497
EH548542,CD21912
CF6624,CF6624
BN9077,BN71950
CW245491,BL355672
EL40237,EH1108406
BY469651,EH861955
DE149720,DE147752
AN118442,AN111681
BY131040,BY51778
EH568211,EH568211
BL47248,BL47248
AM54250,AM54250
BE317008,BE317008
EH93642,EH266573
AA143433,AA143433
DG25335,DG25335
DN94764,DH36071
BH73590,BH73590
CC74508,CC74508
BY407233,BY407233
DB74948,DB74948
DE250239,DE250239
CJ11516,CJ11516
EG12788,EG12788
DT18879,DT18879
BA7700,BA7700
BJ30471,BJ30471
EH164789,BY297306
BL214766,BL214766
DN104898,DN104898
ER22470,BE411930
DL164521,DE206299
AN81003,AN5294
BN107294,BN107294
BY39516,BY39543
AW166402,AW166402
DZ60300,DZ60300
EH298594,EH396876
EG8477,EG8477
BW27748,BW27748
EF92803,DB91865
DC11065,DC11065
AM46094,AM46094
CW268529,CW268529
AL33655,AL33655
BE212323,BE212323
AZ6213,AZ6213
DL143657,BP16411
EH123320,EH349108
EH77989,EH77989
CW419977,CW688880
EE2652,EE2652
EH135284,EH217370
CL41983,EN44730
AN158303,AN158303
CW768042,CW1026384
BL249145,BL249145
CW375845,CW375845
DA37368,DA9826
BG40373,BG40373
EH375448,EH546494
CW884710,CW884710
DE218998,DE218998
BJ13450,BJ13450
BY391295,BY391295
BE195022,BE195022
BY25564,BY137880
CW169461,CW81184
BH140151,BH140151
CW385633,CW210256
BY162411,BY660983
BR75267,BR75267
BH7106,BH7106
DS63082,DS63082
CW388073,CW553167
BN225655,BN225655
CW565221,CG7450
AW121721,CL56405
BR112639,AA164161
DB191301,DB191301
BY325703,BY325703
BC20648,BC20648
CM24302,EM101936
DA96121,DA96121
BL156586,BL156586
CG101291,CG2252
BZ11660,BZ11660
BE253325,BE253325
BC28952,BC28952
CW812415,CW812415
CN61249,CN61249
BP22052,BP22052
EH82604,EH82604
BE21732,BE21732
BR78925,BR78925
BL73777,BL73777
CW392902,CW652648
CW222098,CW528427
AX43276,AX43276
EG20473,CC151848
ED6028,ED6028
EL40237,BE114997
BE258485,BE258485
BN30943,BN64476
AK90612,AK90612
AA151927,AA151927
DA28437,DA28437
AA108793,AA61367
EH206711,EH185078
EG41630,EG41630
CW140886,CW140886
DP14891,CW253920
CC119052,BW65468
EH218112,EH218112
AS31118,AS31118
CY13249,CY13249
BY57935,BY111752
DX32361,DX32361
EH339273,EH339273
BN98493,CW233974
CN12588,CN12588
BN273805,BN273805
DN94764,DT148550
BR152755,BR152755
AW122762,EF99334
AY30646,BL178193
CN70880,CN70880
CA82432,CA82432
BE298042,BE298042
DA96846,DA96846
BW50921,BW50921
BD101985,BD101985
AD6867,AD6867
CW862930,CW862930
DZ15688,DZ76889
DZ51724,AN31262
CB47418,CB47418
BY349810,BY297306
AJ31108,AJ31108
DL10457,DL16657
BZ45559,EP79569
AS65771,AS65771
EH366901,EH336782
EF40246,EF40246
DB160445,DB46633
CW104353,CW104353
BR28544,BR81935
AN69268,AN69268
EH386672,AP62905
EH777589,EH335528
EF133363,EF133363
AB15593,EP12095
EH135320,CH17909
DE205024,DE205024
BH135100,BH135100
CT34331,CT34331
DT69526,DT69526
CC101692,CC101692
EH171970,EH1002116
AL72137,AL72137
DX15417,DX15417
EH167842,EH167842
BY26638,BY115617
CC116847,CC116847
DL155614,DA59556
BP3989,BP3989
AA146378,AA146378
BE320204,BE320204
DN106522,DN106522
BN178909,BN269572
EH535808,EH535808
DB205289,DB205289
BK43243,BK43243
BD89590,BD89590
BL115765,BL115765
DD100844,DD100844
EH264006,DB119376
BW37912,BW37912
DL36281,BW49629
BN270510,BN270510
EH113258,EH113258
BN408633,BN408633
BE120520,BE424944
DT7073,DT7073
DF16266,DF16266
CW884322,CW884322
BN274055,BN333291
CJ82132,CJ74521
DN22972,DN22972
BY465118,BY465118
EH831975,EH831975
CL27047,CL27047
EH435579,EH502286
BY277579,BY277579
EH55837,EH55837
DA53935,DA100110
AA137952,AA193906
AX46240,AX46240
EH115967,EH93521
DZ26847,DZ26847
EJ12559,BB117664
CW491153,EL55310
AX49959,AX49959
EH342990,EH342990
CG81336,CG8869
BE63985,BW40521
DE20359,DE113402
CW831439,CW702754
CW802291,CW802291
BN292569,BN141910
EH581771,EH581771
BN65567,BN65567
EH454297,EH454297
BP50761,BP50761
CG31943,CG31943
DL183297,DL183297
AK106839,AK106839
AL105078,AL105078
CC98802,DX46676
DB185154,DM25224
EN11512,EN11512
CW70853,CW70853
DB194597,EG4756
EF137315,EF137315
EF113666,EF113666
CW606250,CW606250
DB188960,DB188960
BD37236,BD37236
DP42369,DP42369
BY84089,BY84089
EH763301,EH763301
BK36756,DE259451
DS93829,DE295909
EH195618,EH277891
BN380581,BN380581
AA154334,AA154334
AX34050,BL258651
BR166694,BR166694
EH592829,EH592829
DE248958,DE248958
EH864160,EH864160
CW534532,CW534532
BR155940,BR169772
CM26819,CM26819
BB19022,BB19022
BE286970,BE145986
EK12490,EK12490
CW39402,CW39402
AA6433,EP98731
DB202355,DB202355
AW93248,AW93248
CW47317,CW47317
DY36702,DY36702
BY125810,BY125810
CW172686,BN220564
AA121348,AA144816
AN24374,AN24374
CW375845,CW521312
BN73473,BN55167
BM30056,EG17396
CW355050,CW483748
BN175115,BN155572
BN419285,BN419285
DR8164,DR8164
DE90123,DE170493
BL231448,BL231448
EH78612,EH78612
BN63107,BN63107
EH441963,AW67975
BE19174,CW443526
CW831448,CW831448
EH870711,EH870711
BN28898,BN121189
CW511403,CW996384
EH207651,EH207651
EH404415,EH770768
CW115478,CW641325
CW336193,CW336193
AA50989,AA119814
AP27466,AP27466
DA27397,AX47004
DB226284,DB186860
CW694034,CW694034
CW664198,CW786886
BL196112,DE119129
CW140065,CW140065
CW383418,CW133202
BN144078,BN144078
AA76586,AA76586
CW74789,CW74789
BL309248,BL309248
DX52591,DX52591
AN122964,AN122964
EH610839,EH1035894
BY288770,DE125931
CB47278,CB47278
AL140499,AL140499
DL40295,DL10539
CC5025,CC5025
BB73023,BB73023
CW10139,CW90272
AN99068,AN99068
DG36225,DG36225
CW305603,CW305603
EH444756,EH444756
DG12212,DG8475
EF38199,EL22291
CW391448,CG35786
BN313794,BN174395
DY24018,DY24018
EH173733,EH799065
AW181855,AW181855
BN409829,BN195463
AB29106,CE49933
BY440845,BY394999
EH532449,EH532449
BZ31754,BZ31754
DK11497,DK11497
BP38955,BP38955
CN8889,CN8889
DE7238,DE237167
BY567207,BY567207
AL47383,AL47383
DA76952,DA76952
BL352414,BL352414
EM102225,EM102225
EH696148,EH135207
DR49729,DR49729
BJ33616,BJ33616
AW113852,AW21464
BN307703,BN307703
DF6595,DF6595
EH422788,EH422788
CJ44157,CN33318
BD88536,BD44877
AG31611,AG31611
EH319689,EH319689
BL327701,BL327701
CW551014,CW549826
CM24302,CC90770
CW587948,CW587948
BR132489,BR132489
AH7540,AH7540
EH13784,EM11126
DN7652,DN7652
CZ36507,DB304744
DE180193,DE180193
BE96369,CA76420
BN380167,BN380167
AH20933,AH20933
BN373802,BN373802
CJ63450,CJ63450
BD117487,BD117487
CW48072,CW214091
DL8099,DL47229
CA70572,EH360558
BN294075,BN294075
BL72445,BL72445
EH66088,EH66088
EH118816,EH118816
CX12638,CX12638
EH449599,EH449599
EH93642,EH255817
BN9077,BN34118
BY527918,BY527918
AS24231,AS24231
CW54326,CW54326
EH778069,EH778069
EH87145,EH87145
DW62486,DW62486
CW373754,CW334271
EH321639,EH321639
BY531666,BY531666
DT94185,DT94185
DT56925,DT56925
EH623584,EH623584
EH548979,EH548979
ES23864,AP73838
AG15864,AG15864
EF67749,DT85462
CW876163,CW878693
DX53738,DX53738
EJ12559,BX12719
BN46721,BN61059
EH545605,EH545605
DB210678,DB210678
DD128978,DD128978
CW467681,CW317309
EH643544,EH643544
DR17546,DR17546
DB143969,DB143969
AL111442,AL111442
EH411597,EH411597
BY255478,BY443246
DN117605,DN117605
BN46721,BN54650
EH622666,EH622666
EH54501,EH54501
EH783207,EH76254
EH149118,EH149118
AX31711,AX31711
AN66455,AN66455
EP80188,EP80188
DD97743,DD97743
BN278019,BY46332
CW346360,CW422114
EF26321,EF26321
CW307311,CW194139
BE253136,BE117140
CJ14067,CJ14067
BC46197,EH197180
CW901416,CW901416
DE166176,AM64022
DB163866,BY521090
DD117202,DD117202
CG101862,CG101862
EH41815,EH41815
CW463881,CW393229
CG65630,CG65630
BL147661,BL147661
CW687291,CW687291
CW211647,CW211647
EH442375,EH442375
BL219397,EL65588
BL10199,BL10199
AM90205,DY33518
DW62827,DW62827
DR2227,DR2227
DD112559,DD112559
CW548814,CW584427
EH505089,EH505089
EH667708,EH667708
EH860581,EH860581
EH475528,EH475528
AP40606,DE227424
CY14950,CY14950
DE207988,DE207988
EH526832,EH526832
AP68144,AP68144
DT74048,AD13445
BN409104,BN409104
EH678953,CW393939
CW648483,CW648483
CG99316,EC12303
EH599953,EH421608
EH48189,EH48189
AN75444,AN75444
BY197348,BY197348
BY565642,BY536622
DL193159,DL193159
EH129872,EH129872
AS48658,AS48658
AS22306,AS22306
BM8547,BM8547
BE277164,DB74712
CZ56809,BD84323
BD117209,BD117209
AJ23609,AJ23609
AW94308,AW94308
BN265531,BN238390
EE4171,EE4171
DD121286,DD121286
CW582143,CW1014729
AW183536,CN74372
AM31930,AM31930
EH806292,EH806292
DE102152,DE207733
BN250057,BN250057
DB51515,DB51515
AW136399,AW136399
BE294955,BE294955
EH84983,EH84983
DE161344,DE53580
BE37962,BE37962
EB45003,EB45003
DR60452,DR60452
AK43691,AK43691
BE280653,BE280653
CK9632,CK9632
AB28246,AB28246
EM96442,EM96442
CW381263,CW90528
AW160750,AW160750
CG102333,CG102333
CW208529,CW1256772
BY490469,BY490469
BD9353,BD9353
EH859461,EH711804
AP61171,BY237261
BR31661,AW92612
BL166109,BY454379
BE327534,BE327534
DE181972,DE59122
DR97914,DR97162
EH430695,EH716000
BE248185,BE248185
EH25539,EH25539
EH585030,CJ44525
DW44788,DW44788
BN408926,BN438716
DT34878,DT34878
DL113687,DL113687
CW137512,CW46279
CS20392,EH93997
DN13259,DN13259
DE251893,DE251893
AA102375,EH1296150
AN141782,AN141782
EH428183,EH428183
DH37868,DH37868
CY26185,CY26185
DB222952,DB222952
BR83895,AN19792
DN106780,DN106780
CW479329,CW226298
AG51262,AG51262
DN127408,DN127408
CM32233,CM32233
BE285659,BE285659
CC113331,CC113331
DN68600,AL342525
AA164262,AA164262
AA116323,AA91914
DL137281,AL138844
BY221033,BY221033
DN129499,DN129499
DR43413,BE29886
AS12379,AS97985
CJ82159,BN156422
BH96487,BH96487
BN7783,BN7783
AS29966,AS29966
CG133738,CG133738
DX50101,DX50101
CA76420,CA76420
CW264450,CW321378
BY471266,BY414171
BY562639,BY562639
CW508418,CW360855
EH112925,EH712889
AP26994,AP26994
EH136268,EH1061575
BY502001,BY502001
CW133585,CW106406
DS62599,DS62599
EH610839,EH610839
BN277641,BL247077
AM8529,AL124226
CL20496,CL18070
AP5754,AP5754
CW483847,CW892880
EH406347,EH406347
AK36786,AK36786
DW46707,DW9894
CW42190,CW42190
DN42005,DN42005
EH842677,EH842677
EH686958,AY18988
AN95311,AN95311
BW23406,BW23406
BW47802,BW47802
BY167065,BY167065
CW68983,CW54068
EH167541,EH167541
DE154834,DE149877
CW621644,CW621644
CW322984,CW322984
CC101157,CC101157
EC2677,EC2677
EH576228,EH576228
EH555400,BN370772
BG5116,BG5116
BN202495,EN42434
CC24422,CC24422
BX17262,BX17262
BE181632,BE172026
BE187123,BE229347
EH121996,EH83041
CW703810,CW703810
DC8956,DC8956
BY309784,BY26627
DD8245,DD8245
DB224722,DB224722
DS93020,DS93020
EP69769,DN109626
BY75046,BY75047
CW44822,CW44822
AL251091,AL251091
CW607212,CW553167
BH61182,BH61182
BW5743,BW5743
EL7998,EL7998
DE261927,DE261927
DR95312,DR95312
DE10037,DE20919
BY95793,BY95793
EH715784,EH715784
BN371781,BN371781
EH436789,EH436789
DR109546,DR109546
CL39776,CL39776
CM42110,EH497445
AN142699,AN142699
CN22941,EF55902
BY255163,AN60411
DG27240,DG6097
CB50946,CB50946
BP27888,EH19217
ER36706,ER36706
CX19767,CX19767
BD20629,BD20629
BY99138,BY98435
CW401812,CW401812
BY133414,BY6100
EH306143,EH505300
CW709919,CW300656
EH441219,EH441219
CW656882,CW656882
EH114155,EH114155
CG130762,CN55919
CW876421,CW740786
BE96623,BE103787
AM78655,CA102063
CW364566,CW364566
DT82440,DT82440
DL116646,DL116646
DX29355,DX29355
AX55566,AX55566
DE249199,DE249199
EG4734,EG4734
CF6650,CF6650
EH66059,EH300110
DB63703,DB63703
EH451351,EH153787
BY200677,BN45252
CW45052,CW45052
BH18556,BH18556
DD125053,DD125053
BY347463,BY347463
AL239681,AL239681
BH145639,DZ66243
CC68956,CC68956
CW814196,CW814196
BN172063,BN77761
EH230380,EH230380
DD10669,DD10669
BY453207,BY95015
EH453467,EH367453
CM17772,CM17772
DE259570,DE259570
DS101340,DS101340
BN343754,BN343754
AA144234,AA144234
DR62389,DR62389
CW882975,CW882975
EH613034,EH613034
AW108104,AW108104
BY276362,BY296271
DE145280,DE17544
BG25179,BG25179
AW42281,AW92774
BE277164,DT71377
BY477300,BY477300
EF41789,EF41789
BY274926,BY59041
EH255369,EH255369
BN357205,BN357205
EH75141,EH75141
AN23393,AN23393
EH46351,EH46351
CJ27060,CJ27060
BN19084,BN19088
BL278102,BL278102
DP38077,DP38077
CW169028,CW357056
DB157224,DB157224
EH330279,EH60606
BN11533,BN10644
DL171645,DL171645
AK32904,AK55041
CW2220,DY32646
BE289773,BE289773
AA158587,AA158587
DB214023,AK63663
ER33690,ER33690
DD63361,DD63361
DT135083,DT135083
AX10157,DL23024
DB36069,DB36069
CW161054,CW161054
BG10919,BG10919
AN157439,AN157439
BY408903,BY408903
CA93224,CA93224
CW875735,CW875735
EH448632,EH448632
ER3683,AK149232
DL198347,DL198347
DA70153,DA70153
CG69913,CG69913
BR149688,BR149688
EH155814,EH155814
EH650370,BG23361
EF134796,EF134796
CW891442,CW681584
CW162657,CW162657
BL270784,BL270784
CW375230,CW375230
CW287667,CW1203809
CN61780,CN61780
BX18829,DX50762
AS27068,AS27068
EH608081,BL176925
AK81028,DN62424
EH154143,EH154143
CG135190,CG135190
CW417738,CW626971
BY437397,BY376152
CW347821,CW347821
AN42779,AN42779
CW881195,CW632532
BG23709,BG23709
CW356617,CW356617
BH19682,BH19682
AL60017,AL60017
DB47823,DB256494
DZ28711,DZ28711
CW174968,CW174968
BL349282,BL349282
CW551948,CW551948
AN138556,AN138556
CJ131393,CJ131393
BN186150,BN186150
DK8446,DK8446
DD121409,DD121409
BF24145,BF24145
AN155397,AN155397
EN52957,EN52957
BY553623,BY553623
EM89919,EM89919
BD99561,BD99561
BN106832,BN87394
AW44186,AW103378
BH132759,BH132759
EF4805,EF4805
CW134292,CW134292
BN7066,BN5388
AS48098,DE18969
AN129593,AN44281
BY516594,BY516594
BN409077,BN409077
AW24230,AW161773
BY194866,BY194866
CW886769,CW657179
BW47764,BW47764
BZ50039,BZ50039
EH579838,EH579838
BX16470,BX16470
BN60863,BN60279
CW732832,CW732832
EF108514,EF134905
AB12391,AB12391
EN41632,EN30882
AA157126,AA157126
AL18989,AL18989
DN114344,BR154869
EH397513,EH21236
AN160114,EH845815
BW25266,DA53272
CJ97137,CJ97137
CF6182,CJ58839
BX7673,BX7673
EH846498,EH388108
DL111804,AY23665
DT127097,DB220364
DW60193,DW60193
EH377974,EH377974
CB70269,CB70269
EH745350,EH745350
CW734279,CW593881
EH871666,EH871666
DE68922,DE68922
AW154859,AW154859
EH147453,EH147453
EM75579,EM75579
BY250621,BY75662
EH562680,EH562680
EN62161,DE267780
CG69741,CG69741
EH359676,AD5042
AN97618,AN97618
BN367918,BN367918
EH848673,EH743608
BE88693,BE88693
CW436976,CW386447
EF22329,EF22329
BN212844,BN152579
DE249171,DE249171
AT24091,AT24091
EH86057,EH29250
BN20660,BN72356
EJ14250,DB93666
AN163551,AN163551
AP26068,AP26068
ES20246,ES20246
CW438875,CW330807
DS87485,DS87485
AS19179,AS19179
DA34474,DA34474
CS13923,CS13923
AL202795,AL202795
CJ114205,CJ114205
BL345303,BL345303
DK7421,DK7421
EH456521,EH456521
DD14996,DD14996
DT93434,AN44137
CS19525,DP32872
BL197456,BL164431
CW785023,CW785023
EH16235,EH242660
ES16060,EH493601
CW86686,CW86686
BY35117,BD88601
BG2972,BG2972
CC101634,CC101634
EH213094,EH1086146
CW809456,CW269085
BN70145,BN70145
AN77594,AN77594
EH338580,EH185969
DA19939,DA61125
CW831447,CW831447
BE277164,EH834083
CW252421,CW685929
DN102090,DN102090
CW640390,CW640390
DD6551,DD6551
EB33358,EB33358
BM14557,BM14557
BW45851,BW45851
BH55414,BH55414
EJ10740,EJ10740
CW490125,CW490125
CM58078,CM58078
CW124389,CW124389
CW111360,CW391257
CW273225,CW715378
EH870285,EH870285
DD122740,DD122740
BL174858,BL174858
DH9728,DH9728
BY47373,AY44120
DR95267,DR95267
EF88635,EF88635
CM46128,CM46128
DT39563,DT39563
BY526877,BY526877
EH618362,EH618362
CW329439,CW130775
CZ80820,CZ80820
EH342769,EH342769
CH11547,CH11547
DN102593,DN102593
ER5212,ER18069
BR134167,BR134167
BW9319,BW9319
EH90254,EH90254
DT117215,DT117215
DE96432,BN156422
EH346901,EH346901
DG17523,DG22908
BE306959,BE306959
CW394364,CW394364
AY19209,AA101097
CW338297,CW338297
DT47390,DT178943
CW111412,CW221147
BN270015,BN35003
CW388485,CW388485
DB161479,DB161479
EH859727,EH859727
AB27751,AB27751
DZ47382,DZ47382
BB47911,BB47911
CW195774,CW195774
EH714451,EH714451
BH126112,BH126112
BL70114,BL85410
CG133398,CG133398
CW273552,CW4465
CM53261,EJ14913
CW200243,CW200243
EH384299,EH384299
CW664451,CW320039
BM56445,BM56445
AN128815,AN128815
DR110599,DR110599
BR41712,BR41712
DX34018,DX34018
DB208362,DB208362
AK25312,AK25312
CG72723,CG72723
CG79933,CG82164
DB204361,DB204361
EG4069,EG4069
EH288975,EH288975
CK10996,CK10996
BL119046,BL119046
EH472959,EH472959
BG11398,BG11398
DS24357,DS24357
BE236578,BE236578
BN339027,BN339027
BL236820,BL236820
EF72390,EF72390
EH110142,EH110142
BY502930,BY198628
CG39717,CG39717
BZ3685,BZ3685
BY55457,BY55457
BM51982,BM51982
AN52777,DX35199
BH51912,BH51912
CW176075,CW176075
BE218470,BE218470
EH361202,EH361202
AK48887,AK48887
DE208513,DE208513
BX19073,BX19073
EL74065,EL74065
EH50034,EH50034
CH44751,BY588030
EH273326,CL56405
BE61656,BE61656
DL5547,DL16657
EH451351,DS98965
CW471503,DT71377
DL134557,DL134557
BL306675,BL306675
EH222760,EH51668
DD2568,DD2568
BR142703,BR142703
AK95095,AK95095
CC103618,DB214820
AE28060,EF142144
DR91118,DL55579
EH733972,EH733972
BP30629,BP30629
AN88793,AN88793
BH34940,BH18436
DT109314,DA19872
EH236611,EH368801
CJ61106,DL63369
BL267280,BL267280
AA162571,AA162571
DN118135,DN118135
AB36404,AB36404
BY385458,BY385458
BE309397,BE309397
BN127866,BN416590
AP6842,BR77127
BZ48752,BZ48752
AN131121,AN131121
CN73395,CN73395
CW122169,CW122169
EH112649,EH112649
EH82036,EH82036
CX14321,CX14321
CW650867,CW650867
CW216523,CW917092
BY241382,CC90770
DZ52907,DZ52907
BH35992,BR118824
EH744084,EH744084
DG8860,DG8860
BH8652,BL13144
CS11971,CS11971
BN51984,BN16373
BR51732,BR51732
EH291213,EH291213
EH839355,EH839355
CE41559,CE41559
EH49041,EH49041
CW88071,CW167355
EP55113,EP55113
EF93017,EF93017
EH368009,CJ128631
CW739938,CW739938
EP83307,BL447902
AW37477,AW37477
AW47592,AW197528
DG45079,DG45079
CW664451,CW664451
DE73129,DE37602
AK6306,AK6306
CL41196,CL41675
BC5004,BC5004
CW147280,CW276438
BE193709,BE193709
BN14324,BN65814
DN118421,DN118421
CW222373,CW222373
EF62656,EF62656
EN2575,CC37669
EH297087,EH297087
EH180538,EH515734
EH597857,EH597857
AL246994,AL246994
BL181747,BL181747
CW111348,CW495313
EH169013,EH169013
AA125985,AA125985
BY344729,BY344729
BL302319,BL302319
AW163890,AW163890
BH105439,BH105439
BH4167,BH4167
DB53195,DB40832
DR38281,DR38281
CY26378,CY26378
DR100809,DR100809
BJ6551,BE3791
CW841557,CW841557
BE133169,BE302162
DE257460,DE257460
DC18704,DC18704
DB213453,DB213453
AA164620,AA164620
ED23982,ED23982
CW553600,CW675324
EH416663,EH416663
AT15559,AT15559
CW323318,CW323318
BL153515,BL153515
CW362583,CW123672
CW151264,CW176344
DB219986,DB219986
ER34707,ER34707
CW772514,CW772514
BM35367,BM35367
CW862013,BL277746
AN40153,ED12031
BY374889,BY374889
DD40587,DD40587
BD23916,BD23916
DT137683,DT137683
AW182554,AW182554
CB22439,CB22439
BN47871,BN68631
CW3568,CW368648
EH85900,EH246734
CE33547,CE33547
CW387787,CW510033
AL4868,AL111669
CW628374,CW628374
EH351625,EH351625
BG36889,BG36889
BY458297,CL38773
CW463387,CW463387
CC95963,CC95963
DZ33075,BY430732
BE318126,BE318126
CB72723,CB72723
DL164589,DL164589
BZ29488,BZ29488
EH485918,EH371248
EH823280,EH823280
DR94359,DR94359
BY564708,BY573245
AN156551,AN156551
EH263811,EH429420
DE192261,DE192261
CW525154,CW559175
CC119855,CC119855
EH760276,DS83625
EN2575,BP28429
EH120884,EH120884
DN114344,AL268141
DE112961,BY521090
BD23141,BD23141
BL105423,CW154283
EH58596,EH58596
EH226445,EH226445
CS19525,DP33811
DR108301,DR108301
EL31425,EH379367
EH492775,EH492775
AN84336,AN84336
EH431124,EH431124
EM98802,EM98802
BN372719,BN372719
CB52333,CB52333
BY496975,BY496975
EH297128,EH297128
DE262531,DE262531
BN41356,BN189540
BH122026,BL360361
AS61113,AS61113
AW151189,AW151189
AA32061,BN22695
BY515683,BY414586
BL13500,BL13500
BL56601,BL56601
DX50834,BL390173
AY4388,AY4388
DB169564,DB165124
EH386000,EH429212
DB42147,DB227850
EH105861,EH105861
CW222601,CW508873
EF85284,AA122447
CW710947,CW710947
BE74778,EM2986
BY522251,BY522251
BL360008,BL360008
DN85177,EH380431
BL159098,BL159098
BL109647,BL109647
BD88947,BD88947
BC58950,BC58950
DB10937,DB10937
AK103052,AK103052
DX34560,AY24802
BR45664,BR45664
EH875240,EH982947
DB234811,DB234811
DT69010,DT69010
EH215164,DS106506
AL32088,AL32088
BY477958,BY477958
BL295087,BL295087
EJ23895,EJ23895
BY528769,BY538669
BL3238,BC38315
BE154669,BE393652
CM26667,CM51422
EH266908,CW312678
CW318119,CW349035
DR102971,DR102971
CW498191,CW498191
DW59909,DW59909
BH114932,BH114932
BY23948,BY553027
CW249464,CW386630
EH209344,EH209344
BE13319,BE13319
AP40606,EH834083
EF83977,EF83977
EH544877,EH544877
CS15142,CS15142
CN57943,CB26631
BL142092,BL142092
EH30779,EH30779
DR88510,DR88510
BL130377,EH157194
BY208820,BY208825
CC27753,CC27753
BD115775,BD115775
EH145053,EH145053
DR38647,DR38647
ER34974,ER34974
BY490550,BY313907
BH137470,BH137470
BL169446,BL169446
DL24260,DL9459
CN11370,CN11370
BH14696,BH14696
EH849985,EH849985
DB229146,DB78374
CS11892,AL98520
AL252887,AL252887
BN417015,EH584607
CT24595,CT24595
EH784300,EH784300
DT4822,DT70828
BE62272,BE50137
AW183718,AW183718
CX8783,EM62981
CW330807,CW1276228
AY10543,AY10543
EH715869,EH715869
AA46825,CS33687
CW903415,CW903415
EH371530,EH371530
DR61455,AA101097
DL122696,CH39790
BR25501,BR25501
DL18182,DL34561
CC82047,BY65453
AN75836,AN75836
BL86775,BL215329
BY561310,BY561310
CJ2911,CJ2911
CW483312,CW426578
CW763299,CW763299
AM15342,AM15342
BY224776,BY224776
CW373754,CW420883
CG13263,BL74970
DY16519,AL71663
EH187906,EH187906
BR99150,BR99150
CW786571,CW1374791
AX11339,AX11339
DH33613,DH33613
BN401628,BN401628
BY163991,DL41714
BH101789,AL19601
CC19466,CC19466
AM31667,AM31667
EB30471,EB26666
BK37510,BK37510
BP49786,BP49786
AX30251,AX30251
DE203464,CN33362
DW34329,DW34329
DD47174,DD47174
EH64393,EH64393
BE121473,BE107900
BZ50807,BZ50807
DL181365,DL181365
EH417923,EH417923
EG10827,EG10827
EH465956,EH7376
BN344698,BN344698
AT11725,DN82854
BR58459,BR58459
DL7801,DL12754
CB51035,CB51035
DB150205,DB150205
CE30516,CE30516
EG32257,EG32257
BE49415,BE49415
CW137512,CW471116
EH852999,BP16411
DR82469,DR82469
AA146048,AA146048
DT45906,DT45906
CW422835,CW422835
CW739416,CW739416
CG61955,CG142722
DF9801,DE120191
EH15314,EH15314
DA46726,DA46726
CM11204,CM8796
CW273851,CW273851
CJ19823,CJ19823
DL200651,DL200651
EH65254,EH32689
BE320615,BE320615
BR130118,BE113572
BE10078,BE10078
CW273107,CW9344
EH666972,EH666972
EH99342,DE143382
CW501066,CW1240924
CW664800,CW664800
AP63803,CN59298
BL167111,BL167111
EN64044,EN64044
DD138303,DD138303
ER12549,ER12549
CN64561,CN64561
AW167120,AW167120
BN7510,BN4867
EH196578,EH196578
DW61362,CT44303
BN383578,BN383578
EJ18510,EJ31278
DP9849,DP9849
AG13989,AG13989
CA92304,CA92304
BD60834,BD60834
BY489916,BY489916
CT13109,CT13109
BN16604,BN16604
BN372537,BN372537
DA64517,EM34455
BN32988,BN32988
AL195849,AL276981
EH808065,EH808065
EH288580,EH70790
CW881116,CW700774
DT74048,BB32460
EH379672,AY18690
DR86109,BH141639
CW245246,DB93894
EH197253,EH508570
AL180898,AL180898
BN61594,BN28696
AX11172,AX11172
CG73857,CG73857
CL47861,CL47861
BN324517,BN324517
EH420852,EH150380
BL57351,BL57351
AA31168,BR74177
BL126094,BL123693
CS16820,CS16820
AM79241,AM79241
AW175305,AW175305
DL156148,DL156148
BJ10093,CW130876
BH29489,BH29489
CC90005,AD2083
BY412368,BY412368
CA83898,CA83898
EP73426,EP73426
CX13314,CX13314
DE217922,DE217922
AL211034,AL211034
EH555358,EH555358
CW881087,CW881087
DY3483,DY3483
CH20698,CH20698
CC45019,CC52998
BY469783,BY469783
BY423144,BY423144
BN404346,BN404346
EH689036,EH689036
CG53743,CG53743
EH518665,AY18988
CW683683,CW683683
BY408843,BY198628
DS33926,DS33926
BJ5759,BJ5760
BL307341,BL307341
BG14550,DB83834
BY513659,BY513659
AN114163,BE55293
BN411959,BN411959
CS19525,EH786999
BW24719,BW24719
DT115915,DT115915
EH258402,EH258402
EH138175,EH113569
BY344284,BY337944
CW225022,CW335533
CM10019,CM10019
BE268677,BE268677
DR104341,DR104341
BH113732,BH113732
AB17062,DS17154
AW60682,AW60682
BE292889,BE292889
CW231936,CW143420
BY423537,BY423537
EH508595,EH508595
BN26997,BN43910
EH861955,EH594395
DA99482,DA99482
EP60176,EP60176
DT128498,DT128498
BN17289,BN17289
BN359268,BN359268
EH668413,EH668413
EB64288,EB64288
CB50402,BP40638
AD26821,AD26821
AM27718,AM27718
BE66386,BE66386
EH429841,EH429841
DY3343,DY3343
DD118805,DD118805
CA94453,CA94453
CA95027,CA95027
BN67899,BN16041
CW5884,CW123301
BR62487,BR62487
BY13224,BY336955
BY507202,BY451315
EH7733,EH225084
AP40606,DB74712
EF14918,EF14918
AN158802,BN266420
AP40606,DT71377
AL29846,AL29846
BE28706,BL436208
CW668485,CW668485
EN44730,EN44730
EH66094,EH66094
AN132153,AN132153
EH368009,AW132095
AM49623,AM49623
BY499476,BY499476
DP26713,DP6355
BL246247,BL148427
EH167155,EH167155
EF115442,CJ86416
CC69232,CC69232
DE47466,EH497165
BY520473,BY588030
BM33831,BM15345
EF125167,EF125167
DR17843,DR17843
BY561076,BY561076
AL251173,AL251173
EH140846,EH140846
BN237255,BN439983
AB7878,AB7878
CW900921,CW900921
DP31766,EH895199
BL246503,BL246503
DD13915,DD12777
AN126407,AN126407
DL173928,DX46676
EH852999,DE150159
BL354147,BL354147
EH737139,EH467338
EH292605,EH45781
BL172638,BP50689
BY121999,BY121997
CW620780,CW873332
DP36291,DP36291
BL10216,EH404939
CW198844,CW161934
EH301254,EH301254
DX50834,AP73838
AX51928,AX20424
BL193615,DP18207
EH441963,EA16361
BN242768,BN242768
DK23133,DK23133
AG42371,AG42371
DB204540,DB204540
CW436081,CW436081
EH300626,EH1097730
DL75892,DR13572
EH453765,EH453765
BR131588,BR131588
DA95247,DA95247
CW573737,CW201868
BL130628,BL130628
CW50188,CW50188
BZ2315,BZ2315
BL120947,BL120947
DR66242,DB129090
AW183151,AW183151
AK106081,AK106081
EH48940,EH48940
EF95955,EF95955
EJ22950,AA148059
CH24775,CH24775
BE244207,BE244207
CW206232,CW282987
AP6189,AP49111
AN162993,AN162993
EF163522,EP42843
ES16967,ES12556
BE286153,BE286153
DX2458,EM87049
BL172638,AX50415
EH649720,EH649720
DD54149,DD54149
DL79373,DL79373
CG77837,CG77837
BE62256,BE62256
EM57323,BL518365
EH144875,EH144875
EG40004,EG40004
CW64422,CW64422
BY562185,BY562185
BY448598,BY448598
EH666596,EH666596
EA14810,EA14810
BL334062,BL334062
CC106689,CC27999
BL278653,ES12556
CW72519,CW161934
BN32142,BN45252
BW27796,BP44704
EH94138,EH94138
BN23069,BN13469
EH755813,EH755813
DB225230,DB304744
EH683523,EH847087
CZ52127,CZ112089
BH36603,BH36603
AW13758,AW13758
DT74048,DB61101
EL30904,EL30904
EH236496,EH236496
BN270015,BN262873
CW34057,CW237189
DW60296,DW60296
BD92345,BD92345
CW149628,CW149628
BL70114,DL57741
EP39212,EP39212
CC38894,CC38894
DE244541,DE244541
BL342451,BL342451
EH45116,EH45116
BR55824,CN29465
DD128652,DD128652
DD44363,DD44363
DB216571,AM24109
AT16011,CW551876
BZ50470,BZ50470
BN302099,EH312237
AK7030,BD35397
BY397911,BY397911
CW478646,BL285436
CW135372,CW348787
CZ28924,CZ28924
DD17389,DD17389
EH609710,EH609710
BY128955,BY128963
DB156306,DB156306
BR171228,BR171228
BN7066,BN27703
DL154497,DL154497
DR28534,DR28534
DK13028,DK48502
BE249407,BE249407
AJ22881,AJ22881
AB37048,CC138164
EH30623,EH30623
EH413514,EH413514
AL46209,AL46209
DJ2144,DJ2144
DB185632,DB185632
EH622644,EH622644
EH659326,EH659326
BY468678,BY468678
CW46275,CW860561
CW126526,CW209917
BN50634,BN63832
AC7290,AC7290
BD40172,BD40172
BG8504,BG8504
EH225214,EH493311
AM83675,AM83675
AS17033,AS11535
DA35284,DA35284
CW425097,CW425097
DW50530,DW50530
DE122442,DE122442
EP47191,BM48927
AW149720,AW109589
CG70981,CG70981
EH244761,EH244761
EH164797,EH164797
BL91117,DE154828
EF77535,CW554163
BE85990,BE98443
BL374653,BL374653
CW813268,CW813268
CW57858,CW57858
AA76459,AA76459
AA116283,AA184036
EM92993,EM92993
BE319643,BE319643
CW188641,CW952914
BL314368,BL314368
DD128221,DD128221
DP45839,DP45839
CW652333,BL166837
CW820956,CW820956
CW748581,CW748581
AW161086,AW161086
DE143413,DE192672
BE42181,BE32566
CW701555,CW701555
DS39801,BR48395
EA3583,BN94157
CR3231,CR3231
BR17265,AN4463
CW28081,CW23877
BN289318,AM52378
DZ29653,DZ29653
EH326894,EH17799
BM11991,BM11991
DT37848,DT66431
CB23583,CB41230
EH482047,EH482047
BN300540,BN300540
DB209092,DB137426
CW179304,CW195228
EL65588,CJ67028
DH23381,DB147746
BH3001,BH3001
CW866961,CW878693
AA121728,AX24963
CW857945,CW857945
CW761228,CW761228
BY127673,BY127673
CM24302,DL126956
BY202652,BY12926
BN9972,BN16713
BY405412,BY405412
BY234207,BY441197
BE20801,BE20801
DZ30127,DZ30127
DT133331,AA93779
CJ24695,CJ24695
EH627306,EH674626
CW300656,CW300656
CW700561,CW700561
AL214238,AL214238
BN344296,BN344296
BY552007,BY552007
BZ13013,BZ13013
AX45074,AX45074
BL125243,BL125243
BL322377,BL322377
EH416477,EH447216
EH18421,EH18421
BN29804,BN105814
DE190374,CE19237
DL215931,DL215931
BJ21707,BL314163
BE40839,BE40839
EH366074,EH366074
AN135070,AN135070
BE182716,BE182716
AA154606,ES15462
EJ15837,EJ15837
AS50884,EP11991
BY469516,BY469516
EH75423,EH75423
DE200750,DE200750
BY489461,BY489461
DB205743,DE259451
CB68314,CB68314
BL291754,AM21022
EF111556,EF111556
DZ20673,DZ20673
BE23398,BE280680
BZ54129,BZ54129
EM8953,EM8953
CC101463,AN128278
BM26704,BM26704
CR14015,CS8057
EH231151,EH103855
EH328986,EH328986
AY12884,AY12884
EH537045,EH537045
DE238461,DE238461
CK8182,CK8182
BY141546,BY18389
CG92659,CG92659
EH320274,EH320274
EH758077,EH758077
CW368958,CW214062
CG49454,CG49454
CA22317,CA22317
BN70382,BN70382
EH473093,EH473093
EH129785,EH878458
DH50866,DH50866
EH259312,EH259312
AK109740,AK109740
EH870683,EH870683
CW669603,CW669603
DL90059,CW360451
EH460934,EH460934
EH661950,EH661950
DD37954,DD37954
AE8118,BE220531
BC7922,BC7922
BS8040,BS8040
DD66227,BD147122
AN89226,EF112331
AW153101,AW153101
CW189396,CW1356684
BH126489,BH126489
DD117392,DD117392
EH781419,EH781419
DE236617,DE236617
CW122627,CW124461
CC44837,CC44837
BE320240,BE320240
BH18382,BH10293
BN372588,BN372588
EH71031,EH139452
DT34999,DT34999
AL91144,AL91144
CW410365,CW183012
BY415726,BY415726
EH436789,EH305448
DE62697,EH190133
DT87386,EH384210
BY246913,BY288770
EH785685,EH785685
CL3012,CL3012
EH18603,EH18603
AP53702,AP53702
CW849942,CW849942
CG99316,AN60411
CM24302,DB59601
BY230014,BY250918
CW6713,CW6713
BE321014,BE321014
CW384994,CW468854
BY145376,BY145376
AM43748,AM35657
CG71078,CG71078
BL363924,BL363924
EH426612,EH426612
BR102938,BR102938
EF38972,EF38972
BE79854,BE50137
DA3467,DA3467
CG13063,CG13063
CW237276,CW237276
AX38654,AX38654
BN223055,BN223055
DD51434,DD51434
AN90885,AW91519
BE115879,BE83218
DE175466,DE175466
BN110682,DJ5121
EJ21487,EJ21487
EH621337,EH621337
EH405284,AT17674
DG25591,DG25591
AH11549,AH11550
BN261088,BN61389
AA46565,AA46565
BE273073,BE273073
DE194659,DE149128
DE194659,DE221451
EM12898,EM80470
BY306414,BY306414
BR169744,BR169744
EF90185,EH384210
AA96544,AA96544
EH610839,AC15576
EM47616,EM47616
BW46811,DW81608
DE260222,EM18605
DN80119,DN80119
EH853487,EH853487
EH373320,EH373320
EM12855,EM12855
DT113241,DT113241
CW436090,CW386630
DE255697,DE255697
CH7759,CH31564
BY5041,BY5041
AK57450,AK57450
EH53215,EH53215
EF45924,EF45924
DL174500,DD130642
CW672759,CW387906
BR62609,BR62609
BL322406,BL322406
EH848044,EH848044
CB16784,CB58612
EH356939,EH356939
DT88299,EF55018
BW25410,BW25410
BY144804,BY323765
CW186589,CW186589
EH451551,EH451551
DD6331,DD6331
CT46657,CT46657
DL188132,DL188132
EM102069,EM102069
BH142312,EL71331
BP48576,BP48576
CW177755,CW408190
AA71265,CW817400
DT88785,DT88785
BY553649,BY553649
EH198197,EH112591
DH50947,DH50947
EH832787,EH832787
EH566103,EH1287037
DY4786,DY4786
AN90885,CL56405
CN52127,CN52127
BY469651,CW642295
CW473482,CW374865
AS4412,AS4412
BN102881,EH213889
BE19858,BE256290
EH118070,EH118070
EH786999,EH1108406
CM53261,BP40638
DK31589,DB158447
BN301159,BN314555
BY352017,BY352017
CW102600,CW317696
DB54414,AX24963
ED10815,ED10815
EH23938,CW82983
BN53491,BN53348
EH505207,EH608667
AW128137,AW128137
AL155839,AL155839
CW809718,CW809718
CW826542,CW826542
BN323700,BN323700
EH264006,EH197180
AG17878,AG22012
CW573737,CW486443
EF75883,BY462291
BH88028,BH88028
CW217501,CW408074
BG40208,BG40208
BZ25461,BZ25461
BL157630,CS18244
EH114297,EH114297
BA5349,BA5349
BL235986,BL235986
CW169109,CW169109
BR49677,BR49677
BE325918,BE325918
CW486571,CW1224855
DZ55388,DZ55388
BR62473,BR62473
DT21214,DT21214
CW208529,CW339745
CE40362,CE40362
BN52380,BN52405
BN22987,BN49418
BE277164,BB32460
BL52732,BL52732
BL223000,BL223000
DG17615,DG2829
CB29716,CB29716
BY179292,BY178792
BP54133,BP54133
BL382673,BL382673
DT87386,DB137426
BR22751,BR22751
BL313134,BL313134
EF79686,EF79686
EP3510,EP71788
DN114344,CK12628
AK76785,AK76785
CW372357,CW372357
BZ36908,DG27363
AX10157,AX10153
DD83197,EH185785
EH52570,EH52570
EH465086,EH465086
DR101849,BL167111
BN147213,BN188332
CJ142364,CJ142364
CW89271,CW89271
EH588558,EH588558
CM53261,AN162821
BW41875,BW41875
EH840765,EH840765
EH291170,EH291170
BE199844,BE236333
EH566103,EH891395
BL367698,BL367698
CG100534,CG100534
BN69309,BN41131
CR24660,CR24660
AM15770,AM15770
BR53851,BR71202
EH305448,EH429420
AA90087,AA56583
AX57409,AX57409
BM32955,BM32955
BE149725,BE149725
BE170776,BE170776
CW388485,CW310651
EH37306,EH32689
EH573040,EH573040
DA37846,DA55779
BN211921,BN211921
AW142305,AW142305
DX46449,DX46449
CW649810,DE185883
AK43650,AK64115
BH146301,EH861955
EH513233,EH513233
BE283605,BE283605
EF107943,ER31101
EM35516,EM35516
EH756380,CK5324
ER36288,ER36288
BJ11487,BJ11487
DE5048,DM9314
EH313484,EH383814
ER33743,ER33743
DB52864,DB52864
BL109528,BL109528
CW228910,CW228910
BN31770,BN31770
EH193196,DT71377
EH275410,EH680611
DD102181,DD102181
BD43283,EH384210
CW865662,CW840781
DR13572,DR13572
AB13955,EF73396
BN6867,BN27703
EF156074,EF156074
BZ45559,BZ45559
CW824295,CW824295
AA107962,AA107962
CA58911,CA58911
CW324094,CW324094
BN257110,BN141148
CY16011,CY16001
CW471503,CW1375959
CW474762,CW1202827
CW460461,CW460461
CB17359,CB17359
CW733449,CW733449
DB8763,BN144041
BR161327,BR161327
DA33756,DA33756
EH424525,EH424525
BN79634,BN79634
EH373837,EH373837
CM7742,CM7742
CW80190,CW80190
EH216273,EH311049
EH853012,EH853012
AP48376,BB107807
CW179298,CW112372
BL298096,BL298096
DW26526,CP2160
BE286339,BE286339
EH529475,EH529475
DL196642,DL196642
EM73030,EM73030
EH185785,EH185785
EH470094,EH470094
BY11995,BY451343
BN333694,EA18605
AN83367,AN83367
BT6655,BT6655
EH518665,BL314163
CW81184,CW81184
CC72488,CC72488
AN136407,CG63744
CW109271,CW109271
ES15654,ES15654
CW669230,CW202482
BL49768,BL49768
EF90185,CC156969
BL381540,BL381540
DB218083,DB218083
EF57997,EF49703
BM52510,BM52510
DE252554,DE252554
AM33854,DY10785
AN115783,AN115783
BY482811,BY482811
CC99807,CC99807
AN79298,AN79298
DL143417,DL143417
CJ8520,CJ8520
CS17073,CS17073
BN35127,BN70729
AA136887,AA136887
DN62040,DN62040
EH23266,EH46421
BN362611,BN362611
CC22577,CC111610
BY563332,BY563332
EH273326,DA19872
DB192743,DB285412
BH83522,DE120966
AA167358,AA167358
AP63363,AP63363
EH299252,EH116584
DR30153,DR30153
AY16789,AY16789
BD112829,BD112829
EH424314,EH424314
BY28198,BY11044
ES12455,ES12455
BD16516,BD29104
CW504158,CW167735
CW208392,CW246731
EF7253,EF7253
CW261259,CW261259
EH447563,EH447563
EH360035,EH360035
BR18322,BR18322
CN30039,CN30039
AL8631,AL8631
EM7656,EM7656
DL208570,DL152874
EH232033,EH100778
DB205390,DB205390
BY563981,BY563981
BH86154,BH6296
DB211229,DB211229
CW401092,CW1351737
AM78655,AA148059
AG30964,AG30964
EH401347,EH401347
DT108600,DT108600
CW170632,CW46080
EH185177,EH58420
EF158613,EF158613
AW142311,AW142311
AA56972,DE6763
DE9854,DE118787
DR39733,DR39730
BY496227,BY83970
DX34759,DX34759
CG13263,EH153787
EF90185,DB137426
CC28222,CW850159
DR63296,DR63296
EK14462,EK14462
EH441275,EH894871
CW174124,CW143420
AA63579,AA63579
AA146048,AA180343
CW217889,CW266891
DT87386,AA122447
DL146716,DL146716
AX55424,AX55424
BN140993,BN140993
CW323015,CW810868
CW516856,CW223268
EF103814,EF103814
BN223443,BN122364
EH262689,EH262689
BN207251,BN207251
EH872008,EH872008
DT133119,DT133119
EC8743,EC8743
BY519961,BY519961
BN42901,BN42901
DE114700,BL204395
DT108684,DT108684
EG10497,EG12980
AN60400,AN60400
BL153574,BL153574
DM29720,DM29720
EH384725,EH384725
AJ6359,AJ6359
DD96948,DD62252
EF152489,DT72336
EH529475,BY407443
DB68266,DB71373
EH706135,EH706135
DB201118,DB201118
BN53025,BN77125
CL49593,CL49593
BL232053,DE140240
AN141068,AN141068
AN113787,AN113787
BL218088,BL218088
EH151503,EH151503
CW64422,CW163815
EH11498,EH120358
AL222249,AL222249
BN406455,BN406455
BE268677,BE302574
DB225391,DB105888
BN24371,BN23523
DX33153,DX33153
EA17673,EA17673
CW611190,CW253670
BE264115,BE264115
EM33778,EM33778
BW23473,BW23473
EH840108,EH840108
EP50748,EP31283
CP30064,CP30064
DD130684,DD130684
DL129341,DL129341
BY157771,BY134289
AH9512,AH9512
EH585335,EH585335
DA62584,DA62584
CM32062,CM32062
AF21491,AF21491
BL177805,BL131732
BL280423,BL280423
BY344116,BY344116
BN362423,BN362423
EH276919,EH276919
BN27518,BN64240
CZ84531,EH150215
AE27659,CZ83616
DE262638,DE262638
EH401516,EH225357
CW186730,CW186730
CW306906,CW306906
CG120147,CG120147
BE289294,BE289294
DB90824,DB81626
BJ27263,BJ27263
ER28019,ER8789
BN138273,BN138273
BY188550,BY123309
AB17225,DZ31446
EH15775,EH15775
BD95866,BD95866
BN342230,BN353892
DE112961,BY294500
BY103377,BY16487
AA156759,DE197762
DD31515,DD31515
CW516095,CW532395
BR97261,BR97261
CW101986,CW101986
EH102987,EH102987
BW25266,AL215576
BL245592,BL264837
ES15089,DD70011
BY433197,AN58164
AL19789,AL19789
BY283717,BY283717
EH264006,BX12719
CG118642,CG118642
CW316676,CW162520
BN160643,BN160643
EH103924,EH103924
EH41458,EH961956
CJ76219,CJ76219
CW902187,AP84951
EH422509,EH480512
BN362668,BN362668
EH16592,EH16592
DE75834,BL82197
EH17504,EH17504
CW739938,CW838230
EH304859,EH304859
BW31592,BW31592
BW10635,BW10635
BD4443,BD4443
DB132713,CW130040
EP67796,EP67796
AS30532,AS30532
AN115227,AL180008
EH385491,EH385491
DT41930,AS48089
AC3142,AC3142
CW221195,CW221195
DG24154,DG22631
EH494685,EH851972
CW109425,CW867058
EH363245,EH302356
DL114760,DL198554
EH152159,EH152159
DX31023,DX31023
EH295981,EH295981
EH291974,EH291974
AW116581,AW116581
BL357311,BL357311
CG67256,CG67256
CG87048,DH36071
CW360838,CW360838
CW434731,CW794809
AW96383,BG26573
BN100817,BN100817
BY473277,BY473277
BN60798,BN60279
CZ35190,CZ35190
CM54833,CM54833
BN416192,BN416192
BM34613,BM34613
BN377695,BN377695
BY117102,BY117102
DB209739,DB209739
DA37800,DA112053
BG8326,BG8326
AA140670,AA140670
EH403316,EH403316
EH735696,EH735696
DX37648,EP58465
BN351808,BN173735
CW701555,AA148059
AN60461,AN60461
CW527681,CW753895
CE20791,CE20791
EF25808,EF25808
EH239534,BL235986
BN104551,BN523299
CW35580,CW833278
AG27575,AG27575
BN35127,BN65814
BW45725,BW45725
BF9353,BF9353
EH786832,EH786832
DX23376,DX23376
BL245281,DB83834
AN97531,CN59298
EH404736,EH404736
CW614231,CW614231
EH171265,EH171265
DA99564,DA99564
BP16535,BP16535
CW392544,CW274117
EL73169,EL73169
BY366652,AA102943
BL324896,EH1285030
AK81994,CG79053
EF115166,BR97124
EH264006,BB117664
AW36711,AP70629
BN376373,BN376373
EF82046,EF82046
EH129049,EH129049
EH178765,BD73992
DE90112,DE90112
CT41761,CT41761
BJ28605,BJ28605
DN112224,DN112224
EH590575,EH590575
AT4059,DY33518
CG48671,CG48671
BG3420,BG11002
BL215629,BL215629
DL110472,DL29716
AB25180,AB25180
BY415153,BY415153
DR88455,DR88455
CJ90387,CJ90387
BP35378,BP35378
EF87024,EF87024
EP79316,EP79316
BY510206,BY510206
BR154168,BR81935
AD27423,AD27423
BN73888,BN73858
EM91735,EM91735
EH350369,EH350369
EN57257,EN57257
EH122987,EH122987
AS63940,AS63940
BC6061,BC6061
DW47430,DW47430
AM90074,AM90074
BL344951,BL344951
DN13995,DN13995
BN387123,BN387123
EH872962,EH295949
EH658748,EH658748
BN282401,BR174083
CN41690,CN41690
AK27649,AK27649
BN63148,BN63148
BZ7964,BZ7964
CW310900,CW212735
CL23616,DB132267
BN404424,BN404424
EH620406,EH620406
EH557320,EH557320
CW51420,CW51420
BH46183,BH187048
EH95662,BN156422
EH36359,EH36359
BJ24126,BJ11380
EH139156,EH139156
CM53261,CW1005954
EL48482,EL41227
DR39640,DR39640
BY417388,BY417388
BJ12722,BJ12722
BL65284,BL448591
EH637449,EN50581
AA90951,AA90951
CS15465,EH834083
AP56067,AP56067
CJ66990,EH1180751
EH595650,CW850159
DE104258,DE156029
CW66452,CW105646
CW705862,CW705862
EC7059,EC23343
DH46134,DH46134
CW715374,CW715374
EH710049,EH710049
CW877381,CW877381
BN47871,BN56230
DH46707,DH46707
BK43299,BK43299
BL138701,BL138701
AP27700,AP27700
EH79232,EH79232
AB29227,AB29227
CW901896,CW676810
BN145280,BN145280
EH41505,EH41505
CW264327,CW264327
BN249386,BL241067
EH574398,EH574398
CN20935,CN20935
DX43870,DX43870
BR54401,BR54401
EH470304,EH470304
DD51053,DD51053
AA141208,AA126472
EH16767,EH16767
EH51867,EH51867
CG111039,CG111039
DE145819,DE145819
BL166109,BL414814
EB42397,EB49626
BH87079,BH87079
AM81440,AM81440
BN205388,BN205388
ED46387,ED46387
CC51772,EM2986
EH195618,EH1296526
DE177527,DE177527
EF19043,EF19043
DN103763,DN103763
BY394318,DW47430
BE195130,BE195130
EH351881,EH351881
EH693332,EH178984
CW878045,CW761228
BM3877,BM3877
BE320989,BE320989
BY390812,DE259451
DB54414,BC72256
AW114454,AW114454
DL122696,DZ33075
CW277281,CW277281
EH288872,EH288872
EH776216,EH776216
AX56874,AX56874
BL44577,BL44577
BD74736,BD74736
AA147901,AA147901
DZ38874,DZ38874
BL335052,BL335052
EN22982,EN22982
BL342654,BL342654
EH192552,DN108185
AN142108,AN142108
CB50402,CC116134
BL283553,BL283553
BY417302,BY417302
AN124117,AN124117
BH94784,BH94784
DR102041,EL68972
CC29362,CC29362
EH185142,AN58164
BN223094,BN223094
CW690694,BY537128
BN251764,BN251764
EH730644,EH730644
BH67920,BH54524
DL164049,DL164049
CW149527,CW149527
DE168981,BN246094
BN386910,BN386910
BJ26304,BJ26304
CR25780,CR25780
EH835135,EH835135
CW552002,CW325951
AN37654,DT65721
EF96047,EF96047
CW887911,CW507514
CZ36507,AN106334
DZ46468,AD16965
BE34540,BE34540
BN285976,BN333599
DW49721,DW49721
CN2184,BL5857
BB22972,BB22972
BN297790,BN91140
BZ54425,BZ38684
CW365748,CW328868
DB142357,DB170549
AL211163,AL211163
EH417574,EH417574
EB8866,EB8866
CW881195,CW492873
AA142046,CW632532
CW317637,CW317637
DD97967,DD97967
EH705069,EH705069
DD66227,BB84267
BN349864,BN349864
EH13440,EH13440
BN216999,BN216999
BN120602,BN120602
CW180422,CW747105
CH5365,CH5365
BE152607,BE152607
CG73631,CG73631
BY475782,BY475782
DT90952,EH1035894
DD141630,DD141630
EH560898,EH358407
EN56919,EN56919
BW48368,BW48368
DB158081,DB11403
EP65879,EP65879
AW8012,EJ11302
BL301995,BL301995
DT105135,DT105135
CW774868,CW774868
EJ22950,EH680489
CH40527,CH40527
AX31593,AX31593
AN114406,AN114406
CW177998,CW177998
DE240990,DE240990
EP56799,EP56799
DN116843,DN116843
EH731440,EH731440
AL43188,AL43188
AW174427,AW174427
EC18145,EC18145
BR143897,DG58064
BJ6933,BJ6933
BZ47947,BZ47947
AW63474,AW63474
BN292527,BN292527
BY207095,BY32529
BL307709,BL307709
CB48962,BR115946
AR4980,AR4980
BN75579,BN75579
DS17454,DS17454
EH135284,EH135284
EH325988,EH325988
BZ17239,EH1296150
EM92393,CW404212
BL248351,BL248351
EM92718,EM92718
CW182029,CW426218
DB40455,DB59239
BE29606,BE29606
DB218028,BP40638
DL209398,EF87937
BW39581,BW39581
CK6276,CK6276
BW36418,BW36418
DR108294,DR108294
EN9250,EN9250
BH95861,BH42055
BN27520,BN22695
CW91202,CW46694
BW52620,BW52620
BY487424,BY487424
BN132574,BN110824
CA53080,CA53080
EH92929,EH92929
DN42181,DN42181
EH128852,EH128852
CW670075,CW670075
EF90185,EH1296526
CW185619,CW176729
BY168509,BY116449
BL184234,BL166837
EF155322,EF155322
AB18822,AB18822
EH821116,EH821116
CW831439,CW831439
CW135194,CW135194
DZ14161,DZ14161
CZ36001,CS4316
BJ27355,BJ27355
AM89936,AM89936
EH112374,EH112374
DD96747,DD96747
DE114254,DL145057
BE184731,BE255086
AB33996,AB33996
EH78333,EH78333
CW599654,CW599654
DD124988,DD124988
CW464484,CW1324080
BH113598,BH113598
CB35463,CB35463
BL345696,BL345696
EH193196,DE227424
DR38568,DR38568
EG9614,EG9614
BN214624,BN214624
EF92439,EF92439
AA77542,AA46710
BH36821,BH36821
BL46174,BL46174
EA23565,EA23565
BY558298,BY558298
BN329214,BN329214
DE255348,DE255348
EH392934,EH392934
DH29514,AA122447
DL54305,BE34224
DB187449,DB187449
DN39661,DN39661
CW809283,CW809283
DB204593,DB204593
BN10794,BN70017
EH735388,EH735388
EH89331,EH89331
EG2368,EG2368
CW599924,CW599924
CW163026,CW163026
DG3050,AW170570
EH196481,EH196481
CA93414,CA93414
EF82700,EF82700
EH765416,EH765416
AJ29371,AJ29371
EH134020,EH134020
CE9818,CE9818
AL239618,AL239618
DN114054,DN129283
CW291208,CW339745
EH115876,EH115876
CG3155,BY468992
EH76625,EH76625
BL219397,DB304744
ED39643,ED39643
CW132126,CW232853
CW107284,CW107284
EH608119,EH608119
DY31539,DY31539
AK18503,AK18503
AL228232,AL177302
EH114345,EH114345
EN63584,EN63584
CW499181,CW499181
EH373302,EH548831
AA153018,AA112574
CW778149,CW778149
BE297164,BE297164
DR5026,DR5026
CW412945,CW398466
EH341846,EH341846
EH196675,EH196675
AN64151,AN105881
EH650589,EH650589
DF19496,DF19496
CB74197,CB6826
CJ66990,ED22956
DB84466,DB84466
CW884890,CW884890
EF164033,EF164033
CW530317,CW530317
DX37856,DX37856
BC11018,BC11018
BZ11136,BZ11136
BN17349,BN17318
DL176446,DD67149
BM28386,BM28386
CW745276,CW745276
BR137476,BR137476
EF134462,EF134462
CT8396,CT8396
EP13541,EP13541
CW808864,CW808864
AW32700,AW32700
CC32641,EH482137
CW127601,CW69816
EH876731,EH876731
DB182340,DB182340
BY470748,BY470748
AW152585,AW152585
DE142928,DE153552
BL146710,BL251389
DE112961,DE120966
EH861955,BG52763
EH287219,EH287219
EF103748,CW310709
EG24375,EG24375
EF155558,EF155558
AL64849,AL10867
BY549211,BY503908
CW290282,CW290282
BN64557,BN64557
EJ12559,EH197180
EF26423,EF31805
BN266011,BN266011
BE319009,BE319009
DT116982,DT116982
BN34776,BE86458
DE221299,DE221299
EH193454,EH193454
CC87530,CC87530
ES16060,AZ9974
BA8911,BA8911
CA88318,CA88318
DT78672,EH512458
BL291167,BL291167
EH839302,EH839302
CW145334,CW330776
AK52355,DP7043
CZ52127,CZ52127
CM57134,CM57134
BR144517,BR202662
CW638649,CW638649
CW708088,CW708088
AK99862,AK122797
CJ92833,CJ92833
CG74479,CG74478
BP53817,BP53817
BL107523,BL338013
EF48738,AW82162
CW885490,CW885490
EH128309,EH128309
AD27311,AD27311
BN223655,BN45252
EH392470,BN341649
BY99138,BY163998
EH774799,EH774799
CW481656,EH785483
EH134730,EH134730
DT103905,DT54857
DX54485,DX54485
DT87386,EH1296526
BK19137,BY101697
BN357310,BN243032
EM86383,EM86383
DN47368,CJ136456
BY381740,BY381740
EH471748,EH471748
BH77862,BH77862
CW892394,CW892394
EH850732,EH779606
BJ21707,AL161314
BY118651,BY175212
EJ13197,EJ13197
BR58781,BR58781
DT108915,DT108915
EH136771,EH136771
CW38062,CW38062
DB163468,BK26078
AA17187,AA175466
BN326288,BN326288
DB211157,DB211157
EH37076,EH37076
ER31251,ER31251
EH505871,EH71412
BN223950,BN461817
DL140762,EH665047
ES16967,ER30679
EH603241,EH603241
BL184234,AN58164
DB234139,DB234139
DB226003,DB226003
BN215981,BN215981
CW498755,CW553167
CJ27584,CJ27584
EP30430,EP30430
CW883979,CW883979
DB177093,DB177093
AK14815,AK14815
EH609093,EH734943
BN413420,BN413420
EH519959,EH519959
CW476115,CW476115
BN4956,BN64240
BN250737,BN250737
CJ142715,CJ142715
EG10885,EG10885
CW271509,CW401803
CW358976,CW358976
CW313077,CW313077
AA130226,AA130226
BL368222,BL368222
EF82637,EF82637
EH353532,EH353532
CW91202,CW91202
AT6383,AT6383
DD142723,DD142723
EH496264,EH496264
EH364424,EH364424
BN23657,BN29314
EH779471,EH779471
BE311938,BE311938
BN231179,BN231179
EH393115,BL328225
EH416477,EH416477
BY522095,BY522095
BN39218,BN71861
BE323178,BE323178
CW322587,CW322587
AB35366,AB35366
DN76366,DN76366
EH869052,EH869052
CW426426,CW554526
EH246593,EH246593
AW2563,AW2563
EH818581,EH818581
CW403856,CW558232
DY24692,AS85064
AA114359,DZ23003
AM74174,AM74174
BH21956,BH21956
CW671242,CW671242
EH198062,EH198062
AS64549,AY18690
BY324985,BY381405
AA142046,DW34489
AB38835,AB38835
CL49012,CL49012
BZ46139,BZ46139
DE261052,DE261052
CW888264,CW888264
BW38741,CM28731
DS34033,DS34033
EA2872,EA2872
AL136291,AL136291
AY17505,AY17505
BR134880,BR134880
BP49946,BP49946
EH140460,DB188956
BY111872,BY378890
CW86038,CW86038
EH371044,EH371044
CW226762,CW226762
BL89336,AL292015
CW635336,CW949559
AW112508,AW112508
BE300039,BE300039
DL5547,DL31257
EH852999,CH31564
EH266126,EH266126
EP62371,EP62371
BY411294,BY411294
BY135128,BY135128
AN130692,AN130692
EH849833,EH849833
EG24674,EG24674
BY552493,BY503686
CC73510,CC73510
BE256749,BE256749
EH768196,BN526770
DW40702,BD2712
BD11164,BD45629
BD77689,BD77689
DD122530,DD122530
CP22302,CP22302
BR130118,EM71447
AL219351,AL219351
DE115424,DB59601
BN306421,BN306421
EH594834,EH594834
BJ36054,BJ36054
BL172638,EB39164
BR149669,BR149669
CW572532,CW35643
DR58494,DR67064
BL225642,BL161769
BN61594,BN6184
BW8321,BW8321
EG23361,BL170675
EM97323,EM97323
BE74778,BY521090
AK86232,AK86232
AE8291,BB21207
CH11042,CH11042
CW701975,CW701975
BL316057,BL316057
DL12257,DL10539
AN43558,AN43558
AP71447,AP71447
CW238038,CW1205280
BN12446,BN12446
BE164961,BE164961
BY388336,DB28453
EH28247,EH28247
EH147466,EH81589
EH324920,EH324920
CW249228,CW249228
EH606654,EH606654
DB19463,DB19463
CE35668,CE35668
CW234258,CW234258
CW138562,CW138562
AW95146,AW95146
BJ33621,BJ33621
DN86406,AA140272
EH449883,AN56400
BL226748,BL226748
DL18315,DL23588
BW45962,BW45962
CW85206,CW85206
DL186086,BR154869
BY487497,BY487497
EP56799,EF158230
BN157725,AK46732
BY375001,BY375001
EH861805,EH861805
EN54695,EN54695
EF67965,EF50515
DR42278,DR42278
AB18146,AB18146
AE14957,EB46518
CW365690,CW529790
BD88097,BD88097
DS50716,AT15543
DX49456,DX49456
EH654928,EH654928
BL337699,BL337699
EH871189,EH871189
AL232044,AL66201
DA31734,DA31734
BE85149,BE73107
EH11385,EH11385
DT8481,DT107444
CW169447,CW955988
EH157527,EM42835
AN160458,AN160458
AW76072,AW76072
DT81902,DT81902
EH192283,EH192283
DE145312,AX32202
BL107304,BL107304
EB64042,EB64195
EH51992,EH51992
CW170632,CW248176
EH50034,AM90074
BM63460,BM63460
BR126714,BR126714
CA71573,CA71573
DZ8180,DH4448
DP7926,DP7926
DE259990,DE59620
EH755704,EH755704
AW155709,AW155709
DL188259,AG64070
CB50402,EP49431
DH52616,DH52616
CN75739,CN75739
EH735062,EH680414
DG22001,DG9100
BY365848,BY265602
AP30888,AP30888
BE243691,BE243691
DT12246,DT12246
EF43372,EF43372
BY208825,DD10400
DT132864,DT132864
BN40154,BN17154
AA165970,AA165970
BN217390,BN217390
EH100451,EH100451
DL148208,DL148208
EH747545,EH747545
DB225558,DB225558
BN153696,BN33712
EM34223,EM34223
EH868442,EH868442
CW83628,CW83628
DP14891,BH80712
BR154156,BR154156
AP58132,AP58132
BB52916,BL225437
CM32755,EM50331
BR134968,BR134968
AP51482,AP51482
AG10098,AG10098
AN90885,DH43685
EH193196,CW471503
CW846646,CW846646
AW165955,AW165955
AW128655,AW128655
AN99929,AN99929
EH873235,EH873235
BY246913,BY182045
EL49906,EL49990
CW40273,CW40273
BN73473,BN47379
EH635911,EH635911
AN31510,DM17156
CC73030,CC73030
EH860250,EN52499
EM19864,CW269085
ED15891,ED15891
EA13660,EA13660
DB182528,DB182528
AP71014,AP71014
CW471992,CW471992
CW579900,CW610574
BE45480,BE56070
CW828294,CW900818
ER8782,BL71285
AN143731,AN143731
BN97763,BN97763
CB35657,CB35657
EL61494,EL61494
DE199710,DE199710
BH131842,BH131842
AJ29299,AJ29299
AS43316,AS43316
CW797627,CW797627
CW682405,CW682405
DX16914,DX16914
CW897160,CW215403
EH17288,EH4712
ES3429,ES9511
AL59584,AL59584
DE256161,DE192419
DT87386,EL37267
EH768411,EH768411
BJ15773,BJ15773
EH43540,EH43540
CW224258,CW867058
AN116405,AN116405
BJ29692,BJ29692
DJ5732,DJ5732
DG8391,DG8391
CW95944,CW176729
EH87878,EH87878
DX33420,DX33420
BR45910,BR168503
CW279741,CW439569
AX15479,AX15479
BC33634,BC33634
DT74048,DT71377
BY522276,BY522276
EH393115,EH210460
BM8194,BM8194
BR166760,BR166760
DP4466,DP4466
CW888792,CW888792
CW403856,CW316673
AP7527,AP7527
BK35208,BK35208
BP53676,BP53676
BH114311,BH114311
BY517615,BY517615
AK14049,AK14049
CH2524,CH2524
DB183927,DB183927
BE49644,BE49644
CG72722,CG72722
EH371336,EH371336
EJ10887,EJ10887
EH277626,EH277626
BH79312,BH79312
BH42471,BH42471
BG15964,BG15964
BY87441,BY91571
BY84487,BY48248
DZ45175,DZ45175
BY66585,BY66585
AK108447,AK108447
BY209526,BY209542
EA40909,EA40909
CW208565,CW253833
DB33890,DB75870
CW101037,CW329465
BY130864,BY106475
BL19817,BL393887
CP36033,CP36033
EH497445,EH497445
BR25282,BR25282
DB213141,DB213141
ER33222,ER33222
EH422629,EH398219
BH137165,BH137165
AL125656,AL125656
AN120714,AN120714
BN297394,BY294500
CG3919,CG130846
DE177527,DE168984
AL207668,AL207668
DH29514,DB137426
BJ10958,BJ10958
EH317967,EH317967
DB143246,DB143246
DT133331,DT101113
BL39116,BL39116
BR148710,BR148710
BE30856,BE222971
CW294813,CW321280
EH770042,EH865801
EH396814,EH396814
AG11327,AA91846
BY220362,BY220362
EH748177,EH526301
CZ56809,BE258000
EH342370,EH342370
BL317148,BL317148
BJ28678,BJ28678
CW406214,CW406214
AN101640,AN101640
BE267670,BE152607
DJ6029,BY325703
EH527218,EH527218
DL166136,DL166136
AW44459,AW44459
BC16848,BC16848
AW142601,AW142601
BN6322,BN59341
BY477201,BY477201
EH79967,EH79967
BY563882,BY563882
AA142046,DB120122
BL345517,BL345517
EH97618,EH97618
BE277164,DE227424
AK53343,AK53343
EN55979,EN55979
EH398219,EH398219
CA52494,CA52494
EG38678,EG38678
AN128873,AN170683
BE290535,AP103466
DB160633,DB160633
BZ22213,BZ22213
EF90185,EL37267
BE35235,BE98842
DB65476,DB179881
AL247492,AL247492
BL334384,BL334384
EH202963,EM80470
CY27900,CY27900
BR134328,BR134328
DS90645,DS90645
CW257067,CW132822
CW204350,CW738055
ED4679,ED29915
CW829176,CW829176
BN263843,BN263843
EH45781,EH45781
DA42667,DA42667
EH668580,EH668580
CZ13365,CZ13365
CW656995,CW656995
BE219520,DE42056
EH732683,EH732683
EH77846,EP98731
CW903241,CW903241
AA88288,EH421210
AC8734,AC8734
AW119465,BB107807
EL73291,EL73291
EH871325,EH871325
CM43316,CM43316
CA51357,CA51357
DE133647,DE57659
EM8126,EM8126
BD111642,BD111642
DP17655,DP17655
EH77643,EH77643
EH160831,EH88057
DX19520,DX19520
BP17972,DE272044
DB231751,BN155572
EH157527,EH1296150
DW54410,DW54410
BR76260,BR76260
BN18411,BN235907
DL143657,EH1154837
BN16664,BN16373
AE22922,AE22922
CW429000,CW1144708
BH62399,BH123697
DL110182,BE95502
BN236662,BN236662
AM38633,AM38633
EH106488,EH106488
EB46012,EB46012
BH30545,BH30545
DR47829,DR47829
AL16851,AL16851
CL19655,BB61358
DA39997,EM54566
CW331596,CW331596
EJ20469,EJ20469
BD20158,BD20158
CW108899,CW1269815
AL130795,AL130795
CW652338,CW855829
BY106334,BY248866
EP35318,BL169230
CW129089,CW129089
EH54029,EH54029
CM2350,CM2350
CL4020,CL4020
EH681509,EH681509
CR25694,CR25694
BN73473,BN53564
EG3656,EG3656
EH427359,EH457551
CW155459,CW279483
EH251181,EH251181
BE291685,BE413208
AN98789,AN58473
BY22790,BY203252
AG5849,AG5849
BY426945,BY426945
DL3314,DL17968
DX51092,DX51092
BN349141,BN349141
EH631307,EH631307
BE209658,BE170285
AA120923,AA107774
DS31040,BL14258
AN81985,AN208939
EH124996,EH124996
AL167256,AL25672
CW607152,CW607152
EH699617,EH699617
BH123172,BE241494
AA164223,AA164223
AN127272,AN127272
BY530342,BY351202
CW396466,CW563724
EH125500,EH125500
BR9296,BR9296
AW180863,AW180863
BN408521,BN408521
CE13508,CE13508
AA126545,AA126545
BY47126,BY117482
CW895104,CW895104
CS7066,CS7066
EH522078,BD147122
BE124510,BE43308
DN105644,DN105644
BT10538,BT10538
BN26997,BN70017
DE168981,DA19872
EH751054,EH141405
DA99266,DA99266
BN15506,BN2896
CC80994,CC80994
EM37530,EM37530
EH64733,EH64733
CP13328,CP13328
BB41631,AW68694
BL203072,BL229525
EH45798,EH50034
AP40606,BB32460
CW563483,CW563483
EH861955,CW817400
CW343428,CW178224
DX48449,DX48449
EH174459,EH116584
CW351648,CW351648
BY350678,BY350678
BN370477,BN370477
EH461707,EH461707
BN415113,BL166837
BH83522,BH80712
BD44013,EH263426
CW184790,CW248974
AK45675,AM6199
DE94332,DE126410
CG35118,BB11008
EH853708,EH853708
AW147964,AW147964
AL100605,AL100605
CW492666,CW492666
BR52412,BR52412
EH649544,EH649544
EH442371,EH442371
CW346076,AD16965
BE166047,BE453593
BY77068,BY77068
EH276172,EH276172
CW313079,CW313079
BY250481,BY250481
DE115424,AN56330
DL129019,AY18690
EH128937,EH128937
CW219082,CW157359
AN155794,CA102063
DL164521,AY18988
BH42891,BH42891
BD106055,BD106055
DW14833,DW14833
BR98550,BR98550
DS54291,DE87516
BN336238,BN336238
DT138208,DT138208
BY424242,BY424242
CN57943,EF72130
CW77272,CW205971
EH689374,EH689374
AW69531,AW69531
DD10750,DD15776
BE122052,BE122052
CW422773,CW422773
BL354550,BL354550
EH279422,EH242660
CW187376,CW211375
BH48034,BH48034
CW306957,CW62693
CW251184,CW312678
BL182445,BL182445
CW725193,CW25840
DE200834,DE200834
AF23315,AF23315
CG112985,CG112985
CN65897,CN65897
EH425946,EH425946
BY107355,BY319265
BH46995,BH71418
DR67698,DR67698
DD79013,DD79013
CW652333,CW201868
EH317708,EH317708
EH91726,EH91726
BR102762,CZ45747
BN25311,BN66390
DB226989,DB186860
BN381857,BN381857
AJ9818,AJ9818
EH672021,EH672021
BM22596,BM43410
EH39625,EH100778
BB76709,BL288215
AS66442,AS66442
CW289346,CW588627
CW824007,CW824007
CC87264,CC87264
AE14321,AE14321
DR105193,DR105193
BR132735,EF79686
BP14149,BP14149
EH874189,EH874189
EH276782,CL56405
BN164917,BN77695
BN27520,BN56230
EH494933,EH494933
AL137764,AL137764
CW169578,CW412810
BL249774,BL249774
BH23503,BH23503
DE9451,DE9451
EH175707,EH175707
DA58488,BN369138
CW892518,CW461279
EH867081,EH867081
BY166571,BY28793
BN184839,BN184839
BD101334,BD101334
CW74690,CW100789
BL58239,BL58239
DL110071,DL110071
BH9091,BH9091
CA94993,CA94993
DD120303,DD120303
BL304606,BL304606
BY22790,BY12926
CJ130277,CJ130277
CC114171,CC114171
CW40758,CW90959
CW690694,CW730772
DR39986,DR39986
EH501458,EH501458
DZ8180,DZ8181
CM40427,CC127526
EM43459,EM43459
BK3810,BK3810
EH120358,EH149269
DE168557,DE168557
DR61455,DR105588
CW281496,CW281496
CW771275,CW771275
CZ11502,CZ11502
BR32099,BR32099
DT133046,DT133046
CW372287,CW869501
BK44036,DH52048
BS4586,BS4586
CG24786,CG24786
BR7626,BR7626
DN127831,DN105825
BE323801,BE323801
EF143301,EF143301
BB88777,BB88777
BN263356,BN138192
EH50710,EH50710
EF100677,EF100677
DR69792,DR69792
BL125243,BL406715
EH384650,EH166970
BN25200,BN19997
EH578412,EH578412
DP30860,DP30860
CW464908,CW695378
AA164838,AA164838
BN60561,BN22398
BY414766,BY414766
BW45686,BW45686
AA97555,AA97555
ER35471,ER35471
EF9652,EF9652
CM11204,BY117112
AN105416,DZ7210
DG50710,DG50710
BR42978,BR55883
BL201822,CW320039
BN170804,BN260641
EP78771,EP78771
EH12577,EH12577
EH787576,EH787576
DJ8635,DJ8635
DL25925,DL28665
EH352810,EH352810
BE29628,BE29628
BN266580,DH41329
AS77989,AS77989
CW155332,CW155332
AW40064,AP59444
DP10310,DP10310
BY387186,BY387186
AA110933,DS47486
AS45704,AS45704
BY304949,AY44120
BY47271,BY47575
CE39048,CE39048
BL368478,BL368478
DB194971,DB194971
CW709183,AL268141
EH594812,EH594812
BN223950,BN185086
CS15465,EH362485
AG51525,AG51525
AK21978,AK21978
BN247079,BL259687
EH365498,EH365498
BH83522,ER30679
BR91030,BR91030
CW849942,CW318130
CW84307,CW183012
AL11180,BN104008
BY86943,BY340276
EL19083,EL19083
BE247932,BE247932
CW143725,CW143725
BZ49649,BZ49649
DZ38155,DY17204
CG6273,CG61527
AT4324,DT31559
AA4937,DN11117
AA74808,AA74808
EP82845,EP82845
CW296476,CW265926
BY551305,BY551305
CC58977,CC87300
BL177805,BL190717
BL354495,BL293416
DL205027,DL205027
DL24260,DL12818
BN419486,BN419486
EH729202,EH729202
DH51748,DH51748
DN67369,DN67369
BG37089,BG37089
CZ43980,CZ43980
EM14299,AH12452
DW5539,DW5539
CW581195,CW581195
DR22879,DR22879
DL83297,DL83297
EH656202,EH656202
BN203848,AW92889
EH614899,EH461670
BL290017,BL29735
AS26733,AS26733
CZ68591,DL187215
BD20346,BD20346
BN84940,BN11525
CG132474,CZ78310
DX48273,DX48273
EH422629,EH414231
EH230660,EH230660
BZ34320,BZ34320
DB234976,DB234976
CC81948,CC81948
CC51209,CC51209
DZ26064,DZ26064
AL140778,AL140778
DE86050,DE86050
DD143427,DD116614
EH786136,EH447216
CW163159,CW204740
AL159083,AL159083
EF52768,EF52768
BY282932,BY191002
AL108867,AL108867
CW185635,CW63523
CW451103,CW352353
DE249033,DE249033
CM57403,CM57403
DF17694,DF17694
CG43844,CG43844
DC7410,DC7410
CS19525,BE114997
ER4034,ER4034
EF66397,EF66397
CW543704,CW543704
BC42734,BC42734
CW373754,CW461431
CW788042,CW788042
CW273225,CW427176
AK11746,AK11746
EH659972,EH659972
DT95476,DT95476
CM60653,DB156306
EM86079,EM86079
EH521175,DB59601
CD23525,CD23525
CW329439,CW650361
CW535441,CW366424
CW289346,CW289346
EH463331,EH463331
CP30242,CP30242
CW46275,CW46275
BL41336,BL85539
DL135336,CC90770
DA52033,DA3134
EP78840,EP78840
BN88029,CC116864
CG55639,CG55639
DM28048,DM28048
BY430197,BY291629
BN381145,BN381145
CW319918,CW275875
BN410607,BN410607
CJ127640,CJ127640
CA46746,CA46746
CN50085,DB197356
BL365840,BL365840
CW732290,CW732290
BE77216,BE81322
DN97180,DP2789
DN127597,BS15380
AA76026,AA76026
EF153177,EF153177
BN282033,BN282033
DL135336,DY16519
BG3063,BG3063
EH110577,EH360558
EM10913,BN303475
AL72001,EP29500
CW657136,CW657136
CB45732,EH415656
AN78321,EH93556
EH444047,EH444047
DL174862,DL174862
BG36201,BG36201
DR46023,DR46023
EF69565,EF49760
BF11945,BF11945
DB231751,AT15543
BE181632,BE5441
EL17814,EL11742
DE138522,DT112545
DS40178,EH757366
BR130118,EH1296526
DN94764,DX46676
BR14921,BR49417
BY132940,BY398074
AE21562,AE29129
DN71932,DN71932
BL389867,BL389867
BE125110,BE343563
BE218216,BL291570
BL291754,BL207618
EH181299,EH181299
BH123172,BD116047
BY222553,BY222553
CG50025,AS6428
DT136429,DT136429
DS50845,DS50845
DE209131,DE209131
ER23499,EH1108406
EL10691,EL10691
BG24327,BG24327
AW121721,EH335528
AL58981,CW339197
EH652271,EH652271
CL35737,CL35737
AK11198,AK11198
EM103738,EM103738
CD3736,CD3736
CG118392,CG118392
EN38711,EN38711
AK26715,AK26715
EH521175,BR48395
CW652333,BY443246
DB176645,DB176645
CG94422,CG94422
EH425463,EH754171
EF113861,EF113861
BL92871,BL92871
BB44966,BY311835
CG88534,CG88534
DN104474,DN104474
EJ12559,AN118728
EH200172,EH428678
CC108809,CC108809
AK84814,AK84814
EH605267,EH605267
AW130844,AW130844
CC89044,CC89044
BN42704,BN42704
BL282325,BL282325
EH608667,EH894871
AG31669,AG31669
AK104770,AK104770
AL198457,AL198457
EH246362,EH122980
ES12642,ES12642
BY248340,BY248340
DS72391,DS72391
BA11909,BA11909
CN70943,CN70943
CW12366,CW9686
BL31024,BL31024
BC44650,BC44650
BE228993,BE107900
AL129377,AL129377
CA56879,CA56879
BL213683,BL213683
EH211477,EH211477
DB183504,DB183504
CW72125,CW323977
BN41457,BN41457
EF6978,EF6978
CN29729,CN29729
BE139150,BE400318
AK25107,AK25107
CJ140452,CJ140452
DL118907,DL118907
EH643060,EH643060
BD110978,BD110978
DL212865,BS15380
EG50577,EG50577
BL163216,BL163216
EM28418,BB32460
DB163866,DE120966
DR58034,DR58034
DE207366,DE101817
DS101987,DS101987
CW887484,CM55025
BE277164,DL94330
EP3443,EP3443
CW552002,CW636449
EG17482,EG17482
AS47574,EH65600
BN248236,BN335754
DR58965,DR58965
AK23547,AK23547
EH729505,EH729505
EH763820,EH763820
BY130864,BY109960
EF149715,BL70002
BY436875,BY436875
BR151076,DW47430
DB208927,BE114997
DR49382,DR49382
BE174563,BE235548
BD28205,BD28205
BM16562,BM16562
EH566872,EH566872
DR109377,DR109377
BL141347,BL119237
CW530980,CW794809
BE277164,DB59601
BL191871,BL191871
BL109074,BL125338
CW477477,CW477477
EH846834,EH846834
BD119896,BD119896
EL33678,AN78644
EH106326,EH106326
DD71594,DZ30110
BY86036,BY42724
BL190137,BL190137
BN182245,BN165220
BL359888,BL359888
AN118901,AA95810
BK5127,BK5127
CW10448,CW236734
BN122169,BN122169
BN70118,BN68130
ES9533,ES9533
BY218124,BY97196
EF133658,EF133658
BF9995,CW685847
BN96390,BN96390
AE26235,AE26235
BY241382,BH183406
CW901055,CW901055
EM71385,EM71385
BY215077,BY135306
DS16919,CW607482
AJ27249,AJ27249
CW891622,CW891622
BL328546,BL334258
CW266830,CW266830
BY139759,BY139759
EH644182,EH644182
BK36529,BK36529
DB58369,AD2083
DD91639,DD91639
DD46645,DD46645
CW777954,CW777954
EH631977,EH631977
EH692808,EH692808
AN103422,AN103422
EF68232,EF68232
DH44127,EH274777
CS15465,CS15465
CW223816,CW1262225
AA140452,AA140452
DS77765,DS77765
BX20271,BX20271
DR4908,DR45201
EH874352,EH874352
CN4466,CN4466
EL34275,EL34275
BY369754,BY369754
DT115408,DR34896
BX14549,BX14549
EF132651,EF132651
CN19225,CN19225
BN102881,EH744971
CJ22610,CJ22610
BY369354,BY2397
EF35779,EF35779
CW113140,CW113140
DB222830,DB222830
EH12968,EH12968
CW619749,CW619749
CJ25908,CJ25908
BN83964,BN333150
ED44629,ED44629
CL45169,CL45169
BG8522,BG15743
AW86058,AW86058
EH713522,EH713522
AL213005,AL213005
EH321367,EH321367
CW443379,CW443379
DT29933,EH436540
BC54437,BC54437
EL58571,EL58571
AX54851,AX54851
BA7072,BA7072
BL238241,CT29381
AN66532,AN66532
EH574501,EH574501
CM22160,CM22160
EH32807,EH112792
DT83116,AN87696
BE229894,BE229894
BW33396,BL319720
CW347801,CW347801
EM12586,EM12586
BW20103,BW20103
AM44183,AM44183
DK15254,DK15254
AB4031,AB4031
EH249998,EH249998
AM78354,CW496793
BD16369,BD16369
EF163999,EF163999
BY469651,DW47430
DE225514,DE225514
AW148762,AW148762
CW159694,BA5195
DY16390,AA41388
CC120229,CC120229
DT54352,DT54352
BN268996,BN175679
BL166109,CW685847
DE97153,DE97153
CW330887,CW138274
DD19542,DD19542
BR130118,EH508810
EH422629,CG105727
DX40079,DX40079
CW491153,CW636554
EF44589,BN283866
BN339135,BN339135
DT24354,DT24354
EH445479,EH474186
BJ2974,EH34248
DE171522,EH1287037
BB75204,BB75204
DE106203,BN172364
BN61162,BN19216
DB207917,DB253066
CB6664,CB6664
DT136198,DT136198
BJ32605,BJ32605
DD50420,DD50420
BW9930,BW9930
BK39865,BK39865
EH63784,EH63784
AN144386,AN144386
BD64150,BD64150
BY500117,BY500117
BD66402,BD66402
AD2083,DE119841
AL38581,AL38581
BM6484,BM6484
EH247703,EH247703
DC12371,DC12371
CG13263,CN7573
BM58605,BM58605
BS13021,BS13021
EH4625,EH4625
EH568913,EH568913
EG23974,EG23974
AX52896,AX52896
EH358654,EH358654
BY431471,BY110872
EH30435,EH30435
CW54556,CW54556
CT17190,CT17190
BL282535,BL99162
BY533178,BY533178
BN32804,BN29841
BY119983,BY119983
BY364350,BY364350
CN70538,CN70538
CW354947,CW354947
DL74302,DL105210
BR87701,BR87701
CW87602,CW66463
EH743752,EH743752
AX51503,AX51503
DA18350,DA18350
CW479601,CW479601
EH235835,EH235835
BY140298,BY470967
AK105245,AK105245
ES16060,BP16411
BL367212,BL367212
DE90906,DE72787
BN274437,BN179011
AS75671,AS75671
BY394318,EH743608
CM61701,CM61701
EM13829,EM13829
DB50720,DB14446
DR54969,DR54969
BL188040,EH497165
DY3937,DY3937
BH141298,BH141298
CW221716,CW474413
DZ44465,DZ44465
EH763225,EH763225
EH866611,EH866611
EH13687,EH13687
AS42420,DZ52037
DD86662,DD11847
CG87048,CM46397
EH537413,EH537413
BY19006,BY693485
AS12379,CZ33784
CG137532,CG137532
EH532324,EH633359
AP19664,AP19664
CJ34437,CJ34437
CW52226,CW52226
EG2392,EG2392
BN14324,BN53564
CJ103226,CJ103226
CW126212,CW126212
DL11703,DL23886
CH21563,CH21563
CW483618,CW483618
BY23177,BY280462
DX23077,DX23077
CW663503,CW663503
BD62406,AS32020
EH641247,EH641247
EP49108,EF73550
CG123226,AX51755
EH123709,EH123709
CW182501,CW182501
CW476122,CW476122
EH191714,EH191714
DT125660,DT125660
AG48343,AG48343
DR102041,EN78292
BH80287,BH80287
DE125043,DE125043
BY125278,BY190519
EH318772,EH318772
EH207383,EH207383
AN33883,AN33883
EA12605,EH88187
BN126025,BN392504
DD116709,DD116709
EM31221,EM31221
EH299252,EH439128
BE124058,CB28192
AY20703,BL328935
BY133932,CT14044
EB62505,EB62505
AP49485,AN89609
EH5415,AA3773
BX16161,BX16161
BJ31602,BJ31602
CW231936,CW123301
BJ21707,BN438103
EH225570,EH225570
CJ134172,CJ134172
BB44966,AP88730
DD109024,DD109024
CW473960,CW49811
CW110634,CW110634
CB64179,CB64179
BE277164,AL71663
BR117758,CB36089
EH71637,EH71637
DS85435,DS85435
EH111047,DE72270
EH649246,EH649246
CW880489,BG43493
CX17432,CX17432
EN42728,EN42728
EM83101,AW49018
DW32760,DW32760
CG136676,CG136676
AW69531,AW18020
AM45341,AM45341
EG3028,EG3028
DH13198,DH13198
CW85414,CW675320
EH16936,EH16936
CW439433,CW439433
EP68406,EP68406
CS22071,CS22071
CW614554,BL216110
DA64517,DT112545
EL42861,EL42861
EH545338,EH545338
EH317307,EH317307
DT133566,DT133566
AC9382,AC9382
EA36544,EA36544
EH783971,EH783971
CW597822,CW597822
BN264249,AN58164
CW348842,CW310651
CZ51976,CZ51976
AL136984,AL136984
CZ28821,CZ48277
BY218996,BY218996
BY453688,BY453688
DX14411,DX14411
CC75725,CC75725
AS8239,AS8239
AW95164,AW95164
EH70161,EH70161
EF159239,DZ66243
DD117941,DD117941
DM16454,DM16454
BM53171,DX46676
DA94990,DA94990
CW837976,CW752179
DE239094,DE239094
AN37945,BW3412
DW38546,DW38546
CL50842,CL50842
AL244908,AL244908
EH857411,EH857411
DB158379,DB158379
BY215527,BY215527
DY28727,CW631967
EH339010,EH339010
BE104585,DN125689
BY418306,BY418306
DT61554,DT61554
AA48206,AA186282
BN39446,BN3717
DT46048,DT46048
EN3320,EN3320
EN65012,EN65012
EH837028,EH861221
BL363193,BL363193
AM55290,AM55290
AN113625,AN113625
AW65152,AW65152
AL164566,AL164566
EH470568,EH470568
CW160071,CW160071
AM64268,AH22346
AA76279,AA92527
BL360498,BL360498
DK17521,DK17521
CE15191,CE15191
AB20253,AB20253
CC78433,CN90579
BW44253,BW44617
EH29645,EH29645
DT137962,DT137962
AW184502,AW184502
BM57828,BM57828
BE306599,BE306599
AW158907,AW158907
EH114003,EH114003
BR171355,BR171355
BZ40071,BZ28907
EP9752,EP9752
DE181885,DE181885
EH541538,EH541538
DA2088,DA2088
AK29588,AK29588
AN46244,AN22069
CJ4018,CJ4018
DT114602,DT114602
DA3697,BJ7016
DD138149,DD138149
DE258514,DE258514
EH434193,EH434193
EH561113,EH561113
CY8291,CY8439
ES23864,BR149342
CW330233,CW59725
CW513892,CW518666
ES16967,BX12719
ER27726,ER27726
ER21496,ER21496
BY381457,AA157867
BZ35503,BZ35503
BN224213,ER30490
BN88463,BN156616
DX10268,DX10268
BL245316,BL245316
DL164521,DD95760
EH575928,EH575928
CJ96693,CJ96693
CZ31635,CZ31635
BN70274,BN43910
CW643447,CW641325
BE94728,BE94728
BC39992,BC39992
EM89843,EM89843
EF57455,EF57455
DL89129,DL89129
CF4920,CF4920
AL81279,AL81279
BE31960,EH415589
EP64247,EP64247
BR174059,BR174059
DS87889,DS87889
CR6816,AL20015
AL253673,AL253673
BN186932,BN147179
DG46251,DG46251
CW422513,CW161443
BL163343,BL163343
BE318973,BE318973
BN317115,BN369176
BJ12924,BJ12924
BD10869,BH188247
EH352825,EH352825
BY531962,BY531962
EB59286,EB59286
BD17436,BD17436
CT29381,CT29381
AM80968,CA102063
DB179058,DB103356
AN140675,AN140675
EG12980,EG12980
DP10009,BY217048
CW596392,CW596392
BL90794,BL90794
EH763781,EH763781
BJ24126,BW40521
BL325972,BL325972
EM68129,EM68129
DR69681,EH128392
EH287635,EH287635
EH874110,EH874110
BN143251,BN143251
EH155351,EH682286
CW431941,CW923881
BL31444,BL13144
CW37900,CW37900
DB33859,DB33859
BL154239,BL154239
EH146059,EH146059
CW665216,BN299535
BY118963,CL30435
CW440970,CW1059173
DW23625,BR113154
EH841971,EH841971
DC3510,DC3510
BH35418,BH35418
DH24090,DH24090
DB144977,DB144977
AA119873,CR23680
BB16053,BB16053
AL130438,AL130438
BD110916,BD110916
EH490995,EF55902
DT87386,EH436540
EM31670,EM31670
EH730918,DE235483
AW137103,AW137103
CW262961,CW262961
BP12988,CG20318
DC17529,DC17529
AN128949,AN128949
CH38911,CH38911
EH877419,EH877419
CE38760,CE38760
DA80195,DA80195
EF57000,EF57000
CA74489,CA74489
CG36579,AW136463
AN135177,AN135177
AN131244,AN109469
BL349691,BL349691
EF135712,EF135712
EH156365,EH156365
BR122174,BR122174
EH95086,EF114242
BN199421,BN265682
EH355265,EH355265
BY288600,BY272207
CW896615,CW896615
CN72147,CN72147
EF116098,AW106122
BL37545,BL53876
CW39441,CW83353
DR99843,DR99843
CW461242,CW461242
CY12364,CY12364
DK10913,DK10913
CG25068,DL44514
BN362668,EN78292
DT63929,BH80712
EH866955,EH866955
DD2369,DD2369
BL290699,BL369290
AL41148,AL41148
CW520746,CW520746
BJ33188,BJ33188
CX13325,CX13325
CW310900,CW418712
BY430814,CG130106
DT136089,BL523849
AW29297,AW29297
BN51670,BN51670
CP29014,CP29014
EM34033,EM34905
EH249191,EH249191
BY135007,BY135007
BY127786,BY127786
BN77569,BN110721
BJ11880,BJ11880
CW535449,CW535449
BN319826,BN319826
CW330776,CW124542
BN212844,BN212844
EB64596,EB64596
EH101610,EH217370
CW800651,CW800651
CW473435,CW114747
BN140072,BN99508
BM7462,BM7462
BL226304,BL226304
DM21276,DM21276
AK45675,EA16361
CW535441,CW307953
BE57111,BE57111
DR96205,DR96205
DT86607,DT86607
ER35664,ER35664
EH184355,EH993998
DD106453,CJ83386
DD11043,DD11043
BN330407,BN330407
AX53488,AX53488
AN63996,AN63996
BZ29026,BZ9298
AX57800,AX57800
EH321197,EH321197
EH777589,AK104601
BN321263,BN419226
AN101102,AN101102
CD23770,CD23770
BH79649,BH79649
AL51325,AL51325
AW163177,AW163177
BD69816,BD69816
AA146874,AA146874
EH867655,EH867655
DR23303,DR94613
BR91967,EG30440
CA92889,CA92889
EH101661,EH101661
DE235167,DE235167
DE247494,DE247494
CB8093,CB8093
CW480637,CW480637
EM103703,EM103703
CW309713,CW309713
CR21090,CR21090
AW15144,AS36353
BY525611,BY525611
EF10799,EF10799
EF31641,EF31641
BP49882,BP49882
BY524124,BY524124
EH437795,EH437795
CW414668,CW414668
CW869771,CW253833
BC18684,BC18684
DR61455,BL225437
BE142968,CM53261
DE38428,EG17396
DE36862,DE36862
AM48923,AM48923
EH793466,EH793466
BP26142,ER29250
DN35626,EH299252
EH244462,EH244462
DD28687,DD28687
BL380793,BL380793
BY535233,BY535233
BR174732,BR174732
DW39109,DW39109
CC87340,DL146395
BY63104,BY3938
BY104290,EH847421
DL143657,DB61101
AP28993,BL116073
AL195849,AL186948
CW549504,CW549504
EH866567,EH866567
DW36812,DW36812
CW194842,CW188976
AW170942,AW170942
BR109292,BR109292
DF10654,DF10654
CN72304,CN72304
AM69386,AM69386
EH249984,EH249984
EH471839,EH471839
EH394663,EH394663
AM86617,AM86617
BN334277,CA35140
BR88550,BR88550
BP23908,BP23908
BY557292,BY554600
DC14135,DC14135
CW213246,CW213246
EH549947,EH549947
BZ6852,BZ6852
AW170072,AW170072
BN406708,BN406708
BE76279,BE76279
DA79797,DA79797
BD110695,BD110695
CW133085,CW133085
CW168183,CT18578
BE65363,BE130452
DR102461,DR102461
EF89287,CW377541
DD53232,DD53232
CW873667,CW873667
AL249277,AL249277
AN72859,AN57808
ED14893,ED14893
EH416621,EH416621
AW113741,AW113741
BM25403,BM25403
AL248467,DT79652
CW29348,CW29348
DS94297,DS94297
BN265147,BN259972
CW147280,CW225836
DE246153,DE246153
AL109552,AL109552
EH563285,EH820305
CG65630,EH375849
EL28630,EL28630
DT9300,BR96711
DL3899,DL3899
EH456740,EH456740
EH613112,EH613112
EH226889,DD141811
DT137486,DT137486
BL225437,BL225437
AL70450,EL20089
AN143363,AN143363
DL6826,DL29149
BR55909,BR55909
DD120875,DD120875
CG41278,CG41278
BY83792,BY83792
DW61128,DW61128
EH197493,EH197493
BE148669,BE61762
CG59343,CG59343
BZ50755,BZ50755
AS68732,AP34580
BN377827,BN377827
AZ16235,BD79606
DJ9531,DJ9531
DT136361,EH931266
EG49300,EG49300
BN297790,BN297790
BE252594,BE252594
EH264006,BB49478
EH871848,EH871848
BL189478,BL189478
EF119680,EF119680
BH146301,EH497165
EB64195,EB64195
EJ8396,EH58805
EG25558,EG25558
EM88981,EM88981
CW198798,CW198798
DB197756,DB197756
ER35135,ER35135
BN268723,BN268723
BY337112,BY77068
BR34985,BR34985
CW473435,CW455320
DT4162,DT4162
DN94764,EH551265
CN35808,BX13722
CW438769,CW438769
CN73066,CN73066
DW49825,DW49825
DC19301,DC19301
DL215612,DL20808
DD113061,DD113061
BN42668,BN42668
BE219259,BE219259
EH761274,EH761274
EH269534,EH177603
CE4842,CE4842
DB166695,DB91865
BY111713,BY137234
BL262008,BL262008
BL228710,BL228710
CW826173,CW826173
CC51209,CW279842
BL25352,BL221911
BN137950,BN137950
DL143211,DL143211
AW181260,AX30332
CW168183,CW683518
AK24340,AK47167
BY13892,BY235244
CW862458,CW862458
CW209393,CW226298
DZ9345,DZ9345
BR114997,BR107523
EH423905,EH423905
DE123147,DE123147
DP27963,DP27963
BR142675,BR142675
EP47191,DE227424
CW150661,CW150661
CW709183,BR154869
EH212956,EH212956
DG17615,DG17615
AJ19947,AJ3708
EH169385,EH169385
BN295003,BN134225
CW127228,CW123672
BL237803,CW632532
EG34592,EG2399
BN167721,BN167721
EH492148,EH492148
CW404707,CW404707
AP29431,AP29431
BY180972,BY109960
EH340822,EH340822
CB67533,CB67533
DN70366,DN63705
BG40533,BG40533
DS85301,DS85301
BY455190,BY455190
CW232590,CW101700
EF25334,EF25334
CE27731,CE27731
CW162095,CW176415
AK8435,AK8435
BE220531,BE220531
CJ120845,CJ120845
BM17419,BM17419
DN114344,BN372256
EH380524,EH380524
AG47034,AG47034
DY2477,DY2477
CS26548,CS26548
EH345671,EH345671
AL82891,AL69783
BY165886,BY165886
AL250948,AL107133
AN97531,BL340145
CC97416,BY468992
DE261739,DE261739
BN316426,BN316426
BY350745,BL256843
DH41792,DH41792
BN195463,BN450377
BN55094,BN48002
CW833015,CW833015
BN406969,BN406969
BN57653,BN32485
BE286467,BE286467
DL69743,CS9173
AW70372,AW70372
DE132323,DE68459
DD118211,DD118211
EH263523,BN79973
EF32598,EF32598
CZ66407,CZ66407
BY120731,BY120731
CW288583,CW288583
CW77591,CW77591
EH584607,EH584607
CW200243,CW143420
AC4258,BL74970
EP47191,EF112348
BS4150,BZ8557
BY498081,EM56222
CW436089,CW167355
AW181720,AW181720
EH389909,EH389909
DE201631,DE201631
DL191167,DL191167
DN77023,DN77023
EP60490,EP60490
BZ28055,BZ72033
BL349747,BL349747
BL156954,BL156954
AM89656,AM89656
BL196423,BL196423
EH341868,EH341868
CC39952,BW7125
AB27053,BL179300
CG83984,CG83984
EJ12931,EP69010
AM83565,AM83565
AW169831,AW169831
AP6936,AP6936
BL290629,BL290629
BN35152,AB8324
BR167186,BR167186
BN333889,CW553313
DN117142,DN117142
BD64026,DL104370
BE146361,DP33811
DA75369,AC11728
BE14317,BE14317
EH125088,EH125088
BN254546,BN245264
BL58711,BL75981
CW526673,CW526673
BF15872,BF15872
CC11514,CC11514
CW214638,AX59029
CW201852,CW1221043
BN190427,BN195183
EH624431,EH624431
DR95319,DR95319
AN80036,AN23824
DB155634,DB297738
BN162641,BN404321
AA138420,AA138420
BK26078,DE202887
AL72781,AL125656
AL82037,AL82037
CL22987,CL22987
AW31938,AW31938
BE54784,BE54784
AN136541,AN136541
AK71392,AK71392
BZ34320,BY597635
DN111631,DN75139
DC2811,DC2811
EH463357,EH348617
CW660612,CW576331
AM55259,AM55259
BE122334,BE254064
BZ14620,BZ14620
EH236547,EH236547
EH513638,EH513638
DB209559,DB154215
BY318265,BY176099
EH38521,EH25611
EH171330,EH171330
BN38177,BN38177
BN39218,BN2797
BN153250,BY517128
DD92868,DD92868
EL73617,EL73617
AN156064,CW396145
BY260247,BY430761
BY180712,BY180712
AK52435,AK52435
DT120010,DT120010
DA27323,DA27323
BY356769,BY356769
BY384943,BY473520
CW331445,CW331445
DB179832,DB179832
AK105616,AK105616
CW519243,CW519243
EH704768,EM101936
EH182731,EH182731
BL53990,BL53990
BL213040,BL213040
EH873436,EH873436
CW297172,CW297172
EF141069,CW59073
AL114690,AL145106
BY325703,BG56416
CY7052,CY7052
EH60171,EH60171
AS8261,AS8261
BR19723,BR19723
CW174786,CW337083
BN333033,BN333033
AS40609,CD10452
BN375646,BN375646
CR21090,CR22127
CW395963,CW395963
CA83767,CA83767
EH611361,EH611361
EH325946,EH325946
EP77465,EP77465
CX2532,CX2532
DB11628,DB11628
AP76817,AP76817
BY49829,BY49829
EA16245,EA16245
DN89312,DN89312
CW153846,CW153846
EH13219,EH1067411
BN333221,BN333221
ES12190,ES12190
AS77442,AS77442
EH261497,EH261497
BN361551,BY219008
BY554432,BY548650
DN128893,DN128893
EH353700,EH353700
AL38069,AL244116
EH406532,EH406532
BE273797,EH1285030
AE24317,AE24317
BS12954,BS12954
DP6577,DP6577
DX55205,DT46662
EH31018,EP24175
BE128132,BE61656
EH61154,EH61154
AH4341,AH4341
BL359759,BL359759
CH47168,CH47168
BE267767,BE267767
BY2607,BY2607
BN389081,BN324042
CJ3725,CJ3725
DE25079,DE63666
BE110177,CE32227
BY531238,BY531238
EF141783,EF141783
BY521421,BY521421
AN55194,AN55194
CW392317,CW574867
CW111348,CW759850
EL73209,EL73209
EP47191,AL71663
AA148654,CW214722
BH26295,BH26295
AZ9875,EH454867
EH30187,EH30187
BN117768,BN117768
DE169788,DE240547
DE134816,DE134816
BB67921,BB67921
BY211613,BY211613
BN110182,BN110182
BY18086,DD32945
BY515683,BY285738
DL182419,DL182419
BD79498,BD79498
BL385284,BL385284
CJ92552,CJ92552
DN97196,DN97196
BC58801,BC58801
EH358207,EH95704
DN45121,CW593967
DK32967,DK32967
AA5707,ED39643
DR108879,DR108879
BL388789,BL388789
DT28453,DT28453
DM24437,DM24437
AL126752,AL126752
EL40237,DP33811
AA35013,AA35013
BL78708,CW880397
BN199746,BN211342
BB90867,BB90867
CW901903,CW901903
BN27518,BN22695
EH732291,EH732291
DE256124,DE256124
DE192849,BL115728
BZ37961,BZ37961
EH305448,EH263811
DR69681,EH782457
BE317693,BE317693
BN50291,BN3172
CG115200,CG115200
EH714254,EH714254
BN115823,BY77625
DZ29781,DZ29781
EH204756,EH204756
EP85463,EP85463
BN143819,BN134554
EH290216,EH290216
BC29824,BC29824
EH178006,EH178006
BL358898,BL358898
DB196807,DB196807
BL57858,BL57858
AA20702,EH63851
EH686958,EH497165
BN172148,BN172148
BL181449,BL179300
EH617801,EH617801
EH119233,EH614677
DD121075,DD121075
EH733376,EH733376
CW582664,CW582664
CS31020,CS31020
AK68349,AK68349
EM72623,EM72623
AE10039,DB28453
EH370600,EH1035894
EA5506,EA5506
CL25937,CL25937
CC90300,DX46676
EH590131,EH590131
BE56599,BE49451
CC103540,CC103540
CW573737,BN155572
CW731689,CW731689
EH751369,EH751369
BM6576,BM6576
BL279070,BL279070
EH760923,EH926295
EH602327,EH602327
BN352225,BN42925
BD44013,DE197762
AK11111,AK11111
EG38515,EG38515
CC103708,CC103708
EH195400,EH195400
DE130417,AT17674
AP40606,CW492873
BY563121,BY563121
DL163133,DL163133
CJ12264,CN53833
BY413326,BY413326
BH6468,BH6468
EH376703,EH376703
ED3878,ED3878
AK8217,AK8217
EH395721,EH590947
DD120151,DX61085
EH195618,EH384210
DD66227,DE267780
BN265949,BN304133
EH166076,EH166076
AN134807,AN134807
DB159036,DB159036
EH381792,EH381792
BE78653,BE78653
CW902303,CW902303
BH4825,BH4825
DR90119,DR90119
EG17013,EG17013
BE251366,BE251366
CH10652,CH10652
AK5098,AK5098
BL101491,AA51474
BN417444,BN417444
AS59388,BY441056
BY374821,BY177160
EH54115,EH54115
EL74462,EL74462
BN39033,BN39033
AX10148,AX10147
BN366895,BN366895
DL8099,DL10539
AN142117,BL113359
AN156064,AN156064
EH696923,EH696923
BN9077,BN65261
EH392470,EH308291
BN36684,BN101746
EH713623,EH713623
BG10701,BG10701
DH41710,DH41710
BN230029,BN230029
BE290982,BE290982
BE311183,BE311183
CT27193,DY8130
DB163866,BH80712
CG61231,CG61231
AL86936,DX45046
BM12634,BM5134
AB37048,AL161314
DE261295,DE174688
DL129019,BE414130
DX48733,DX44556
BD9954,BD9954
EH593209,EH593209
CC46068,CC46068
CA7010,CA7010
BN381944,BN381944
CG31070,CG144575
CW162669,CW405944
EF145780,BH184171
DL68544,BL179300
AL31043,AL31043
CW285008,CW483748
DE52418,DE52418
BB31017,BE233205
EH127966,EH127966
DE24326,DE24326
ED5148,ED5148
EP70599,EN78292
AL73827,AL73827
DS77835,DS77835
DR7875,DR54520
EH744286,EH744286
CS30340,CS30340
BY276398,BY276398
EH86732,EH86732
CW805590,CW497299
DN83821,EB49626
BP26895,BP26895
CW414446,CW705732
EH433013,DE198878
EH653291,EH653291
EP74844,EP74844
AA146656,AA146656
DD123543,DD123543
CP32434,CP32434
EH49832,EH49832
CW770634,CW428293
BN11474,BN11474
CW613553,CW613553
BY373009,BY373009
AM78726,AM78726
BY199666,BY199666
DL36873,BN2684
DN114344,CA102063
CW463193,CW463193
AP74874,AP21417
EH769602,BH184171
AA108793,BP13833
BL45092,BL45092
AK33566,AK33566
DS81735,DS81735
CN14144,CN14144
EH708997,EH708997
AA37688,AA91846
CW614715,CW592370
DX24627,DX24627
EH219502,EH123915
CM24302,AN51713
EH349223,EH431124
CC24956,CC24956
DP41315,DP41315
CN75360,CN75360
EH54191,EH54191
BW52581,BW52581
CS12271,CS12271
CM18129,CM18129
AA138993,BY304793
CZ21796,CZ21796
BC58967,BC58967
BY84280,BY217089
DL72069,DL72069
AH8426,AH8426
DK30005,DK30005
CN29223,CN29223
CW40326,CW40326
DE112961,AA156759
DB221930,DB221930
EH517946,DD48575
BC46197,DE197762
BN30927,BN2797
DR63761,DR63761
BN364517,BN364517
DH38552,DH38552
DL160934,DL160934
CB63536,CA13968
DD3130,DD12573
EH62785,EH88214
DT69039,DT64536
DT112556,DT112556
AZ6726,AZ6726
BE269031,DE298120
CW94097,CW350625
EF144293,EF144293
DD4337,DD4337
BN165546,BN72726
BN284488,BN347873
CW813879,CW813879
EH112755,EH112755
BE260731,BE260731
DL194027,DL194027
BE256896,BE253354
BR171170,BR171170
DT33159,DT31161
AL226175,AL226175
BL68737,BL68737
EH287740,EH287740
BY501271,BY501271
EH628130,EH348515
EH111515,EH111515
CW290455,CW357056
CW293356,CJ176378
CW345849,CW162520
DN125501,DN125501
AA81681,BL334818
BN259927,BN207950
BN203107,BN203107
BR109589,BR109589
DE173745,DE178443
CW808236,CW808236
AY17308,AY17308
AA54671,DS6931
EA7113,EA2872
CG66293,CG66293
DB68266,DB233883
BN383820,BN155144
DZ6577,DZ6577
BY57265,BY57265
BE277164,EF105027
EH185969,EH185969
AK95675,AK95675
AN112200,AN112200
CW678603,CW678603
EH873382,EH873382
CT23664,CT23664
BN297787,AL136333
EH342979,EH430069
EH485069,EH485069
BG12563,BG12563
CG27835,CG25341
BL310153,BL310153
BW46721,BW46721
AN90389,AN90389
AA102429,AA39145
EN46563,EN46563
DE259317,DE259317
CW878720,CW1296865
DE113258,DE113258
CW391969,AA88718
EF19350,EF7721
EF40839,EF40839
EH252491,CW581970
AW101004,AW168572
BY155369,BY155369
EH195826,EH195826
CX7514,CX7514
DA51143,DA51143
AB16320,AB16320
BE86458,BE86458
AL93616,AL57668
BL303036,BL303036
CG111280,CG111280
DT103361,DT76808
CM18743,CM18743
DN38491,DN38491
DL81415,DL81415
DH42130,DH42130
CW869711,CW869711
EH196544,EH196544
DL32313,DL14274
CW868297,CW868297
EH202452,EH202452
EM37122,EM37122
CJ21197,CJ21197
CW512393,CW512393
BL237391,BL237391
AF21627,AF21627
EH464994,EH464994
AN59011,AN59011
BE215841,BE215841
AM48434,AM48434
BB90380,BB90380
DP14891,AG38730
CC88241,CN37950
CW92442,DP11389
BY383426,BY48080
EH302014,EM25242
EH330279,EH599169
BE89707,AL39232
CW115948,CW5458
DB234486,DB234486
CJ11516,CG108817
AK36134,AK36134
AA107962,BY317872
CW729673,CW729673
BB5768,BB5768
DT114685,DT114685
BN174653,BN174653
EH857104,EH857104
CX4390,CX4390
AW21620,AW21620
DR101863,DR101863
BL122919,BL122919
BY410914,BY410914
CD3717,CD3717
CW553662,CW371293
EH434112,DL117710
AL200146,AL200146
AB36760,AB36760
CM51267,CM51267
EM64132,EM64132
CW115478,CW115478
AL31503,BD72206
EH573011,EH573011
BN147213,BN195531
CW549205,CW29213
DR105588,AA101097
ER2162,BR118889
EH471744,EH479979
BN236681,BN236681
CW400884,CW602441
AX45517,AX45517
CC117105,CC117105
CW740421,CW740421
BY135280,BY135280
EH394627,EH394627
BY21564,BY214185
DA74515,DA74515
DN103208,DN103208
CZ73575,CZ73575
ER31764,ER31764
CM21617,DR136195
EH213017,EH213017
CW124389,CW415252
BY53671,BY47049
DL87401,DL79373
AT15851,AT15851
BE94312,BE94312
BL367540,BL367540
AA127037,AA127037
BZ9962,BZ9962
CW598609,CW598609
BL365687,BL365687
AL253817,AL253817
DK34315,DD210886
CW71498,CW71498
EH334200,EH334200
AA105698,DE181657
EM92724,EM92724
CZ65492,CZ37449
EP74743,EP74743
EH772747,EH772747
EH218863,EH218863
CW652333,EH1296526
BN47700,BN65153
EH844791,EH844791
BM8201,BM8201
EH46012,EH46012
BJ23409,BJ23409
BL289270,BL289270
CM39762,AP26296
BZ50258,BZ50258
BD47814,BD29104
DS93065,DS93065
BY151117,DB68950
AD24444,AD24444
EH184988,EH338993
DT47011,DT47011
BE140474,BE140474
AP45382,AP45382
DT5322,DT5322
DY9591,DY9591
DW61799,DW61799
EH633826,EH633826
DR20685,DR20685
CG46421,BN193516
BY43980,AK19306
CW471503,DL126956
DR48747,DR48747
CW66573,CW66573
EA30176,EA30176
BE277461,BE277461
BN283631,AH11931
CC18898,CC18898
EH657446,EH657446
CG18903,CG18903
CW685112,CW685112
AN114124,AN70538
BT10120,DE196338
AA108704,AA108704
BC34841,EH366198
BH123282,BH123282
BN378293,BN378293
EH276558,EH295949
CW123340,CW123340
BL386453,BL386453
ER33228,ER33228
BL64426,CW178790
DT74145,DT74145
BE214937,EH861955
BN94965,BN94965
EF80108,EF80108
BY45687,BY45687
BS11153,BS11153
EH402674,EH402674
AA161317,AA161317
EH335148,EH390230
BJ17721,BJ17721
DE25314,DN16101
EH196675,EH390518
BH11624,BH11624
BN322341,BN35003
DR28193,DR40754
EH639962,EH639962
DN46780,DN126940
EH587038,AL362692
AW30008,AW30008
CR9703,CR9703
CG28751,CG28751
DE221451,DE221451
EH215036,EH215036
BR146665,AK3267
ES16967,AA156759
EH406395,EH321228
DH52790,DH52790
BL129528,BL129528
CG27614,CG27614
CT4432,CT4432
CW645142,CW645142
AW162955,AW162955
CJ116937,CJ116937
EN7218,EN7218
CW883766,CW883766
CG100715,CG100715
BN311113,BN311113
BC26095,BC26095
ED41910,EH612761
DJ14296,DJ14296
AN128613,AN128613
ER22470,BL340145
DS93829,DS93829
BY487918,BY487918
AA157376,AA157376
DX11636,CN56743
DA44117,DA56679
DT69929,DT69929
DJ5538,DJ5538
AA46976,AA46976
BN51991,BN41001
BT7634,BT7634
AM64908,AM64908
BN372006,BN372006
DA99882,DA99882
ED43437,ED43437
EH139023,EH139023
EH82635,EH82635
CC4166,CC4166
BN243704,BN177518
BY215527,BY219396
EF159239,EF159377
DB210407,EN31002
AM75798,AM75798
AA40834,AA43876
BD97147,BD97147
DN116546,DN116546
DT74048,AL71663
EH758272,EH758272
EL33337,EL33337
CG111437,CG111437
DE112961,BX12719
AW135315,AW135315
CG119459,CG119459
BL115003,BL76012
EA25592,EA25592
DB207807,DB59215
BN341649,BN341649
CJ3928,CJ2460
BL310172,BL310172
DR33285,DR55173
EH198906,EH198906
ER23499,DP32872
CW50681,CW617130
CC19470,CC18189
EH16235,EH42572
CT45132,CT45132
BN88144,EH146437
CM4168,CM4168
BL15941,BL72028
BX12825,BY435960
BH20934,BH19144
EH4146,EH4146
BP53283,BP53283
AM64268,AY18690
EM31360,EM31360
DE77976,DE157447
BE157148,BE157148
EH152866,EH152866
CW439482,CW308500
AK60408,AK60408
AN77403,AN77403
CG94810,CB74982
DR68243,DR68243
AK14815,AK17341
BY125206,BY125206
DL133882,AG11663
AG26544,AG26544
CW331964,AM6199
CW266169,CW526797
CW773369,CW773369
CN45647,CW651425
CW674865,CW487226
EH449490,EH281091
AP62345,BZ31550
AL11180,AL11180
BR109729,BR109729
EF90185,AN58164
EH631366,EH631366
EB26666,EB26666
EH302536,EH343267
BN203430,BN203430
BL23317,BL23317
BW9015,BW9015
BC32168,BC32168
DN84725,EH502275
AP48376,CW401738
DE138522,BW21844
EH842216,EH232009
DB78079,DB78079
BK33521,BK33521
CW893486,CW893486
CW269717,CW218829
EH853620,EH853620
CW137012,CW236734
BY487840,BY487840
DD25155,DD25155
EH689318,EH689318
CA56879,BY758255
EH452081,EH452081
EH190714,EM30412
DT95062,DT95062
AK31079,AK31079
CA92057,CA92057
BL183552,BL183552
EH4839,EH31591
CW826998,CW826998
AZ15120,AZ15120
AW8291,AW8291
BY308956,BY211777
EH216733,EH216733
DK11120,DK36370
AX8517,AX8517
BE271563,BE321499
BN165959,BN223196
CA39701,CA39701
CW560950,CW1012465
BN11771,BN11771
AZ11764,AZ11764
EH714783,EH714783
EH12322,EH12322
EG8291,EG8291
AN57622,AN57622
DT95715,DT95715
BH148186,BY210430
DE111368,BY164927
DB96253,DB88920
EG8672,EF94840
CW222614,CW415226
DW53589,DW53589
CM49642,CM49642
EH508623,EH508623
DW6334,DW6334
CC28222,DE72527
EL50544,EL50544
DB7866,DB7866
AJ28300,CW99822
DX12804,DX12804
CW50814,CW50814
BN42295,BN24721
BL238402,BL238402
BN50233,BN208299
DK29827,DK29827
CW591144,CW591144
CG73565,BB42699
BY557596,BY557596
BY382061,BL212377
CB50548,DX61995
EF24557,EM42835
EH229442,EH229442
AG19474,AG15146
CC28051,CC28051
AW175206,AW175206
DA85982,DA85982
AN121727,AN121727
AX44172,AX44172
DB192961,DB192961
BL337863,BL337863
BL366816,BL366816
CW169466,CW169466
BE106919,BD104639
CW635309,CW105897
AL127230,AL127230
CC101029,CC101029
AN161459,AN161459
BW24406,BW24406
CB24831,CB24831
DS74451,BY418112
DB200949,DB156432
EN15928,EN15928
AL239452,AL239452
AA6393,AA6393
BN226676,BN192585
CC116004,CC116004
EB47668,EB47668
CW325723,CW292747
BL156244,BL156244
EH54997,EH54997
AW29696,AB11037
EH150187,EH255817
CW29465,CW29465
CW60791,CW1257587
BN382819,BN382819
EH782779,EH782779
EH689121,EH689121
DR100468,DR100468
CC100067,CC100067
EH834475,EH834475
EK19698,EK19698
BL382891,BL382891
CW879636,CW879636
CW716033,CW716033
EH852999,DB101187
EH313952,EH313952
DS92503,DS69033
CZ37137,CZ37137
CL45549,CL45549
DX14830,AA156759
BL276092,BL249792
CW590566,CW590566
BM9560,BM9560
CS2370,CS2370
DB233892,DB233892
EH51051,EH51051
EH684122,EH684122
CW287669,CW287669
DE115038,BY704889
EH38134,EH38134
EB39853,EB39853
EF61217,EF61217
CW188153,CW225836
EH25516,EH25516
BY318307,BY99926
BZ35149,BZ35149
BE301689,BE301689
EH226452,EH226452
DL198664,DL198664
BE126522,BE126522
CW211205,CW818598
CW630666,CW1011788
BN270015,BN270015
EP4707,AL65047
EH609236,EH609236
EH769602,BX19233
DJ13188,DJ13188
EH78890,EH85900
DS101572,DP38987
BR153521,AL202795
CM59642,CM59642
CW695731,CW906023
BA7874,BA7874
AN54967,AN54967
DN94764,DE202389
DF16159,CT37617
BN173132,BN173132
AL68422,AL68422
BL45444,BL45444
DB214869,DB214869
EH12288,EH12288
AA133924,DT145560
DZ17548,DZ17548
BD90127,BD90127
EH424115,EH51668
EM48113,EM48113
EP36464,AW99020
AN21318,AN60158
EF133239,EF133239
CG135681,CG135681
AW133227,AW133227
DB177718,DB177718
BE6620,BE6620
EH16618,EH44866
DT115408,DN34345
CZ82692,CZ82692
CW380083,CW413598
BL295979,BL295979
DH52297,DH52297
EH744537,EH744537
CM51331,CM51331
BW37185,BW37185
BE73606,BE107215
AE25547,DB214820
AE29460,AE29460
CW791548,CW791548
BL108168,BL202955
AL251024,AL251024
CY21616,CY21616
DT115699,DN73029
CG53084,CG54603
EH127618,EH127618
EH669825,EH669825
DT76893,DT76893
EH322964,EH322964
BN9718,BN7337
DP14891,BY521090
EH453568,EH453568
EH159048,CA78705
BY495794,BY495794
CW128277,CW128277
DL215525,DL215525
BY512397,BY512397
BN43249,BN5388
CW763920,CW455287
BE50181,BE50137
EF103934,EF103934
BH125811,BH125811
CW868914,CW279483
CH17747,AT22357
DL13715,DL2486
EL25451,EL25451
DE119927,DE119927
CG51861,CG51861
EF83299,EF83299
AS76098,BL137347
DD7627,DD7627
DD121501,DD121501
CW126062,CW83353
CF3592,CF3592
CD6800,CD6800
EF155289,EF155289
CW50682,CW50682
BN60257,BN60154
BN30540,BN30540
AY13503,CL56405
EH856158,EH856158
CW297957,CW418076
DW36345,DW36345
BC58554,BC58554
BN316215,BN316215
DE152097,DE152097
BY558433,BY558433
CJ143485,CJ143485
EH397413,EH397413
AL196913,AL196913
AN43274,AN43274
CX3728,CX3728
DA76893,DA76893
CW485612,CW485612
CA6055,CA6055
DL105373,DL49386
DE30683,EB55179
CW515509,CW553167
AD2083,AD2083
BY553186,BY553186
DD106201,DD106201
AS9881,BD13170
BN399044,BN399044
BH137188,BH137188
DZ6577,DZ40534
CW32076,CW2551
EH774465,EH774465
DE47774,CW1330815
DE30678,BJ8994
AN79580,AN79580
BN139610,BN139610
BJ24126,DX33847
EJ25529,EJ25529
BE173192,BE173192
BH128011,BH128011
EH753692,EH753692
CJ84683,CJ84683
BL225292,BL225292
EM63340,EM63340
DD68741,DD96817
DB131515,CC116134
EH342330,EH342330
DE119380,DX42783
EH59683,EH59683
BN419018,BN419018
BL265035,BL156586
BC51744,BC51744
BR145283,BR145283
AK97098,AK97098
BY36284,BY242536
EH460688,EH460688
DZ54600,DZ54600
BE42865,BE61169
AB33758,AB33758
DN78538,DN88775
CW855471,CW855471
CW330529,CW772864
CS6854,CS6854
BH56901,BH53953
CW837976,CW290327
AL72001,DB120122
BL224909,BL224909
EH74303,EH74303
CA32829,CA32829
AS77768,AS77768
EH864168,EH864168
BL54902,BL54901
EL61197,BN326041
EP25997,EH520024
EH678210,EH338993
BE313910,BE313910
BN60561,BN60102
DT14945,EH232636
EH714547,EH714547
EP53010,EP53010
BY375234,BY375234
CG133931,CG133931
BY170676,BY170676
EM10913,EM42835
DW19179,DW19179
BR133896,BR133896
AG40810,AA131996
CS17373,CS17373
CT41251,CT41251
BN11541,BN11541
AN158488,BH83832
EH426298,EH426298
BN112388,BN112388
CY5316,CY5316
DT68807,DT68807
DP46025,DP46025
CW42782,CW79748
EF24557,BN207950
CX19484,CX19484
DE200215,DE200215
BY255163,AN58164
EH519214,EH519214
BY89696,BY201682
DY36415,DY36415
EH862008,EH862008
DT56838,DT56838
DD57762,DD57762
DL47029,CW136037
AS12125,AS6040
EH282553,EH282553
DD121328,DD121328
EH719887,EH1018389
BN163277,BL309119
AA90489,BR112686
DY35226,DY35226
BY390210,BY390210
EH862889,EH424951
BR157287,BR157287
EH686958,CC95200
BN13457,BN19088
DR52342,DR52342
DN96327,CW248570
EH542273,EH322739
DL122133,DH40759
AW57481,AW57481
CW357147,CW143420
DL211720,DL271767
CW887247,BN446116
CH39890,CH39890
DD39045,DL19584
DL193756,DL193756
CM60564,CM60564
EH185142,EP29500
BY398579,BY398579
CW775225,CW775225
EH267220,EH164021
EH706238,EH706238
CW539791,CW492342
BN101497,BN101497
EH52180,EH52180
EH144246,EH144246
BH113732,BH76474
CW575844,CW575844
EH479000,EH479000
EH809837,EH809837
BZ9298,BZ9298
EF160488,EF160488
DT135987,BP47250
EH786999,EH786999
BY221718,AP31895
DY10191,DY10191
EH233278,EH233278
DS3438,DS3438
DN21206,DN21206
EH116454,EH116454
AP81860,AP81860
AK12032,AK12032
BN259927,CE24689
DX44940,DX44940
EH367137,EH367137
EG44421,EG44421
EH484886,DS20758
BY527532,BY527532
BH120383,BH120383
EH392180,EH392180
DX31455,DX31455
CA59633,BR72344
ES19422,ES19422
BJ32301,BD108204
EH740597,EH740597
BC3855,EG48470
BY430877,BY430877
BW5166,BW5166
DK6670,DK6670
BN378609,BN274921
BY35117,BY326874
EF128814,EF128814
CW43404,EM50115
EH506193,EH506193
CW337778,CW337778
AN20755,AN20755
EH876223,EH876223
EH405300,EH405300
EH788088,BH147933
BL168510,BL302729
BN385790,BN385790
EH60940,CW81184
EH124116,EH124116
AX23933,AX23933
AW9654,AW9654
EF90185,AT15543
DT87386,AW67975
BY223466,BY440962
EH198988,EH198988
DT97224,EH414676
BY517720,BY517720
BX14874,BX14874
EN50907,EN50907
BY141887,BY141887
EH234665,EH234665
DL118342,DL45427
EH31397,EH31397
DS36909,DS36909
DB69475,DB155675
CW113140,BN94811
BC53132,BC53132
CW451486,CW451486
ES2990,ES2990
BN66496,BN66496
EE3987,EE3987
EF70575,CW363999
BE259705,BE259705
EH451024,EH510257
CW278770,CW278770
BE29785,BE49236
BY394255,BY394255
EG38855,EG38855
EF66308,EF66308
DB80613,DB80613
EM33814,EM33814
EA33923,EA20142
CG120457,CG33532
EP79810,EP79810
CZ2121,CN22854
AL208654,AL208654
BR111769,BR111769
AL215592,EF94392
BP18509,BP4351
CW353958,CW353958
BL234166,BL234166
BY19927,BY193769
AS78861,AS78861
CW589933,CW488790
DN127666,DN127666
DG42348,DG42348
EH534312,EH508802
BE217342,BE221904
AW97269,AW109589
DD84455,DD84455
CF4236,CW405050
EF142606,EF142606
DR105588,DR61455
CP17075,BP44704
EH126918,EH126918
DX20609,DX20609
BM51043,BM51043
CW861846,CW861846
EH307616,EH307616
CD25548,CD25548
AP31123,AP31123
DD7848,DD7848
CS15465,DB120122
EP34005,EP44608
CN75470,EL80280
DD17047,DA77079
DT22876,DT22876
DB214945,DB214945
CW732653,CW151383
DT133298,DT133298
BL348379,BL348379
EH434112,EH1280767
EH99309,EH99309
CW109763,CW231884
AN156312,AN156312
AN103812,AN103812
CW674865,CW728594
BY550022,BY550022
DT107215,DT107215
CB47184,CB47184
CW178290,CW273258
EH557897,EH557897
CW248681,EH610839
AL64437,AL88185
BT10120,BT10120
AW45942,AW45942
DN33366,DN33366
BY46349,BY14317
EH365914,EH365914
BH140754,AG38730
AB9093,AB9093
AN76917,EH612454
BL312366,BL312366
EM10913,EH1296150
CW380521,CW1375917
CW712386,CW712386
EM17248,EM17248
EM39369,EM39369
EH104854,EH104854
CW396853,CW396853
BN39218,BN44161
AJ18428,AJ18428
EN47185,EN47185
AL151646,AL151646
EH144387,CW170217
AL82221,AL82221
EH324387,EH304201
BK25254,EH493601
AN145665,AN145665
EH748222,EH748222
EH788088,AA148059
BH128977,BH128977
CG59851,CG59851
BD117240,BD117240
DT51332,EF14314
AK110484,BY521090
CZ83823,CZ83823
BL42800,BL42800
AM63190,AM111053
EH566317,EH107648
CE18584,CE18584
BG15074,BG15074
EB47075,EB47075
EF54904,BR48395
CW322741,CW322741
BG33886,BG33886
DB165718,DB285682
AL132396,AL132396
AM57193,AM64022
CR17449,CR17449
DR102209,DR102209
EF2993,EF2993
BL164136,BL164136
CW465713,CW465713
BH89538,BH89538
BE272359,BE272359
EH129122,EH424525
EH383192,EH383192
CW577953,DH36071
BN245742,BN73967
BH101778,BH101778
BL177513,BL177513
BY444381,BY315128
DE44660,AA67731
CX11066,CX11066
CM19885,CM19885
DS101207,DS101207
BL325653,BL325653
ED28549,ED28549
CG137334,CG137334
BH2124,BG20264
EH583300,EH243642
DB182662,DB182662
EH447874,EH682578
CH43333,CH43333
DH45766,DH45766
EH758092,EH167477
DP36821,DP36821
BN16243,BN44291
CT38436,CT38436
DK33107,DK33107
CW403125,CW403125
DG46321,DG46321
DG41505,DG41505
EH82416,EH149269
CT34455,CT34455
EM58896,CL59997
BN51627,BN16373
EH308976,EH392819
CG66756,CG66756
CT10076,CT10076
EN53057,EN53057
BN259562,BN348054
DL176661,DL176661
BZ48250,BZ48250
BP40678,BP40678
BY550951,BY72050
AK109175,AK109175
BL123495,BL123495
BJ8994,BJ8994
BY407382,BY407382
CW468150,CW468150
BN50617,BN63958
AE18016,AE18016
EF30943,EF30943
EH796188,CW824295
DE207617,DW38283
EN52499,DX46676
BZ55276,BZ55276
CW357766,CW388646
BH7072,BH7072
CW876197,CW876197
CW890606,CW896884
CW326554,CW492342
EH765792,EH765792
BY316523,BY322608
EH377987,EH377987
AN78544,AN78544
AP30439,AP30439
EH87766,EH87766
CG30599,BJ11487
EF61016,AL118930
EH67366,EH67366
EH65401,EH3370
AB22056,DS84261
DT119961,CA102063
DD127978,DD130642
BZ15570,BZ15570
DL135336,BP16411
BL367461,BL367461
CW296476,DT4162
BF3145,BF3145
AA138712,AA138712
CG60151,CG60151
EH469271,EH288693
AK17318,AK17318
EH470102,EH470102
EH531581,EH531581
BY505403,BY672448
AK15626,AK111360
DE7682,DE7682
BP50761,BW21844
DB64713,DB92212
CG88791,CG88791
DD22287,DD22287
BY137127,CC74586
DB92462,DB92462
CW513636,CW553167
CW512132,CW512132
BR12085,BR12085
DR49117,DR5293
CW127018,CW869501
DN108870,DN108870
BM6664,BM6664
BL389642,BL389642
AL250262,AL250262
DD131561,DD131561
DZ5603,DZ5603
BM53171,EH551265
AE4662,AE4662
AW182276,AW182276
EH408502,EH313559
DD130490,DD130490
DL140601,DL140601
EL53328,EL56692
DN103917,DN103917
DG30256,DG30256
BL193377,BL193377
DD9791,DD9791
CG13937,CG13937
CW103070,CW204740
BL211187,CW810868
BZ34210,BZ34210
DG10360,DG63540
BN330375,BN330375
CP6013,CP6013
EP61461,BX12719
CW273419,CW225836
BC54558,AJ12387
DL173928,DL173928
AX39139,AX39139
DX49592,DX49592
CW388819,CW1262225
EH3900,EH3900
BN418252,BN272386
DK36222,EF83250
CN10079,CN8969
EH476775,EH476775
BY525402,BY525402
BY471274,DA86983
EH717698,EH717698
CW664198,CW664198
EH849881,EH854045
AP40606,CS15465
AB37048,AB37048
DR79663,DR79663
AN118901,AW97261
EH619248,EH619248
EH237629,EH237629
EH441417,EH441417
DR71599,DR71599
DB41653,BR65773
CW899837,CW899837
BL345343,BL345343
EG11420,EG11420
EH73938,DE12441
EF24557,EH1296150
CR8452,CR8452
CW66573,CW472785
AK111282,AK111282
DR108835,DR108835
BN311664,BN311664
EH457749,EH745213
DZ34337,DZ34337
BL209286,DK38223
EH324729,EH15326
BR117019,BR117019
AW64867,AW64052
BN420551,BN416192
DB190426,BP27274
BN23593,BN69832
AX56206,AX56206
EH96144,EH96144
DJ4677,DJ4677
CM33594,CM33594
BY418078,BY423537
DE16451,DE16451
CW899198,CW942584
BN28116,BN67526
CG79053,CG79053
BN111745,BN220564
CW197953,CW8237
AL22519,AL22519
DC14340,DC14340
BE195480,BE175592
EH626728,EH626728
CW378592,CW40916
DK34001,DK34001
EH496532,EH496532
DB208542,DB208542
EH268909,EH217848
ED33917,ED44576
CW186881,CW1342665
DD130061,DD130061
DR6454,DR8111
AN19371,AN19371
DX50176,DX50176
CW83359,CW83359
DE207617,DE259965
CC28222,AX50415
DE255470,DE255470
AN9066,AN9066
DE176237,DE101817
EH618362,EH695378
CZ81986,CZ81986
BH52130,BH85224
DS18158,EA46081
EH843150,EH843150
DE246606,DE246606
DW48609,DW48609
DB149533,DB52669
CW235289,CW711735
CH42515,CH42515
BN70914,BN70914
DR35284,DR35284
AN73591,AN73591
AW65904,AW12596
BL100099,BL100099
BR157765,BR157765
CK11929,DL146021
EH864462,EH864462
EH706591,EH681418
EF86060,EF86060
EH823425,EH823425
BL286816,BL286816
EM88738,EM88738
DZ34195,DZ34195
BN297394,BN255945
CS8191,CS8191
DZ55350,DZ55350
EH78114,DR101383
CW346360,CW326706
BT8431,AE4167
CW491153,CW557705
CX3973,CX3973
EH495695,EH547179
AA94640,DX41594
DS15101,DS15101
BY182537,BY34563
BY433197,BY443246
AL7012,DB126192
DN119822,DN119822
BD30359,BD51204
CW401560,CW401560
CW212576,CW212576
BX20270,BX20270
AN127375,AN127375
CA12640,CA12640
EH219488,EH219488
EH487055,EH304960
CW309144,CW303741
EF4953,EF4953
BN341187,BN341187
ES16967,EM2986
AS57408,BW28753
EL23664,EL29259
CZ22201,CZ22201
AA97706,AA97706
DE184499,AA140272
BN106012,BN106012
CW331964,EH1296526
CW160045,EF109452
BH140661,BH140661
CB73659,CB73659
AL213254,AL213254
DD69435,EH546089
DB16398,DB5864
CC4391,CC27042
CW252282,CW417253
BY256249,BY175754
EM10723,EM10723
DZ33351,DZ33351
AA134296,AA134296
CW573737,ES12556
EF87826,EF87826
DG16268,DG16268
CW374779,CW374779
AZ16802,DL182020
DB78374,DB78374
AF24036,AF24036
CW104998,CW104998
CG22022,CG22022
BL389101,BL389101
CW145034,CW145034
BY241382,DB120122
DG40645,DG40645
ED45023,BL81135
EM40060,EM40060
AS51391,CT48323
AW185157,AW185157
EM69941,EM69941
BF9995,AT15543
DT102270,DT102270
EH215164,EH263426
BA2555,BA2555
DN46915,DN46915
BL12108,BL114454
CW547127,CW928163
BR53663,BR53663
CJ31933,CJ31933
EE2297,EE2297
CW190459,CW190459
BY532868,BY532868
EF51360,EF79750
AN163612,AN163612
EN51621,EN51621
EH185142,AM6199
EH542790,EH542790
AX3407,AX3407
EH430305,EH430305
BR111612,BR111612
DT46662,DT46662
BE155155,BE155155
CW433781,CW433781
AN2956,AN2956
EA5833,EA5833
BL350670,BL350670
DE187766,DE113044
BL363168,BL363168
BN14462,BN5388
EH108767,EH108767
BH47296,BH47296
DS24160,EH849498
CJ114202,CJ161162
CW360785,CW224934
BF9140,BF9140
AN132962,AN132962
BL226175,BL226175
EH161122,EH739949
EH441019,EH441019
DN103763,BS12381
DR71472,BM39077
BZ55008,BZ55008
EH497385,EH497385
AP59444,AP59444
CC118457,CC118457
BP48705,BP48705
DE228207,DE228207
EH468618,EH468618
AG32269,AG32269
DA49081,DA49081
BN329892,BN329892
EH583132,EH583132
AN84817,AN84817
EM103715,EM103715
BN417528,CW639531
DL137428,DL137428
EF145780,CW774514
EH628130,EH785755
CC61428,EH167737
BR149931,BR149931
CC97286,CC97286
BL276092,BL237057
EM81146,EM81146
DT15951,DT15951
CX4505,CX4505
EH52165,EH52165
BH103042,BH103042
BY64147,BY43418
AE4678,AE4678
CW889181,CW681124
BD103025,EH125465
CW16286,CW16286
BE186801,BE186801
AN129554,AN129554
CW232188,CW276343
EH870383,EH870383
BR169900,BR169900
EL4297,CT5376
BH112248,DE201897
EH650370,CB79162
BY440290,CL27274
CP27195,CR23680
EF145780,BL74970
EF115442,CZ54749
EM77123,EM77123
EH286520,EH380431
EH276697,EH384210
BN30927,BN10745
EG37568,CW640313
AN88319,AN88319
CG9418,CG142722
BW38993,BW38993
EH258590,EH258590
BD67740,BD67740
BH37640,BY43418
CZ28821,CZ28821
EH421894,EH421894
DG34161,DG34161
BL65967,BL143089
CW855649,CW855649
EH236912,EH236912
EH758022,EH845815
BL132407,BL132407
BD27006,BD27006
BR174575,BR174575
DE193111,DE9132
EH53801,EH80786
DE233891,BN351402
CW348787,CW135372
EH739279,EH1065404
DH29514,AT15543
DL129668,DL129668
BL203068,BL259687
CL47329,CL47329
EH341698,EH167737
BE282035,BY588030
BL320264,BL360209
EB10980,EB10980
EH706668,EH706668
CW256472,CW256472
CG26805,CG26805
CW589221,CW589221
EM44156,EM44156
DR31913,DR31913
CE40616,CE40616
BY175248,BY703200
BN67874,BN12237
CW529880,CW529880
CH45105,CH45105
DS87237,EH497165
EH219262,EH219262
EC9882,EC9882
BY413829,BY413829
BH4854,BH4854
EH565491,EH525982
CG62270,CG62270
DB205182,DB205182
DL27336,DL27336
BD36297,BD140113
EH842605,EH842605
EH604398,EH604398
AS48098,AS48098
EH331713,EH331713
AK95830,AK95830
EM93630,EM93630
EF156262,BH184171
DT48596,DT35257
AN96719,AN96719
CZ18264,CZ18264
DL214155,AH18521
EH230862,EH230862
AN78182,AN58834
CK10076,AA111860
DE227766,DE227766
EK12344,EK12344
EH67366,EH51972
EH60606,EH341698
CW631360,CW718934
AW23352,AW59217
CG101291,CG101291
CW890641,BG43493
DX18741,DX18741
BZ24624,BZ24624
BN35127,BN53564
AN159770,AN159770
DB17520,DB17520
CW851623,CW851623
EH347079,EH347079
BL368850,BL368850
BB21345,BB21345
BL18252,BL67183
CG50948,CG50948
CR10913,CR10913
AA151042,BJ23293
BW26992,BW26992
BY497368,BY497368
BH118147,BH118147
EH381091,EF68765
CP6916,CP18447
EM38937,EM38937
EF19911,EF19911
EL65588,EM92393
AA14118,CH29538
DT65688,DT65688
DA97286,DA97286
CW724012,CW398869
BL224250,BL224250
AS46744,AS46744
CJ129237,CJ129237
BY309257,BY40828
BL189806,AL251833
EH2112,EH2112
BY520376,BY520376
CW501066,CW194139
EH69301,EH69301
BL166109,EH1296150
CW597489,CW597489
BY525593,BY525593
EH595650,EH1180751
BW35816,BW35816
CW298337,CW298337
DF8476,CZ36701
DY28022,DY28022
BE185307,BE185307
EN13994,EN13994
EH363465,EH363465
EL47307,EL57379
BE25892,BE25892
BR140600,BR140600
CW306957,CW306957
AM84341,AM84341
BY521620,BY521620
BL9653,BL9653
EJ12559,ER30679
EH471819,EH471819
AA144161,AA144161
EH446052,EH441647
DE25622,DE15631
CW204134,CW204134
EH220534,EH164990
AH5469,AH5469
AB15611,AB15611
EH51054,EH51054
CG133736,CG133736
BY30437,BY30437
CB50402,EH412831
DB22535,DB59581
EH69746,EH69746
EL31282,EL31282
BN415643,BN451101
BN377263,BN377263
BP50472,BP50472
EF110590,EF110590
CG63608,CG63608
CN61466,CN61466
DE234410,DE234410
DB181101,DB89269
BE319333,BE319333
DD74528,DD43968
EN20208,EN20208
BN407769,BN407769
BE275878,BE275878
EH216273,EH435982
EH662983,EH662983
EH441275,DS98965
BE324197,BE324197
EH367773,EH367773
EF39505,EF39505
DL164521,EP49431
EH613464,EH613464
DE255670,DE255670
CW861404,CW823283
DE169567,DE169567
AK8720,AK8720
CW3713,CW3713
EP63367,EP63367
EL46648,BH46429
BD83980,BD83980
CW172616,CW248570
DS77371,DS77371
BE98052,BE98052
DD27815,AL197247
CD21767,CD21767
AA71265,BR48395
DN100646,BH118952
DL34607,DL6967
AL66614,AL66614
CW484588,CW957571
BL368919,BL368919
DD107707,DD107707
EH264006,DS106506
EH58780,EH58780
DZ57089,DZ57089
BY268836,BY268836
BY31342,BY212646
BY92530,BY408903
CS10859,CS10859
DE137321,DE137321
DE191144,DE191144
DE213812,DB145530
DZ11922,DZ11922
DL151404,DL151404
CW901458,CW901458
EH531172,DA10020
BL285868,BL285868
AP61409,AP61409
EH210318,EH210318
CW863404,CW863404
AB31444,AB24444
EB52698,EB52698
EH686958,DE196338
CW894452,CW1316599
EJ22786,EJ22786
EM102582,EM102582
EH465538,EH465538
DF16589,DF16589
CG96239,CG96239
EJ21763,EJ21763
EH454214,EH454214
BE79718,EH371773
BR168704,BR168704
BP44838,BP44838
CW892518,CW499112
CW569118,CW181925
CM9616,CM9616
EF24557,BP16411
CM56382,CM56382
EH756702,EH756702
DH6381,DH6381
BL55512,BL55512
BE324686,BE324686
BD21283,BD21283
DZ27177,DZ14471
EH326003,EH326003
BL125082,BL125082
CZ41251,CZ41251
EH317385,EH317385
AL145606,AL145606
EH111467,EH111467
CW897809,CW951010
CJ108574,CJ108574
EM73386,EM73386
DL187903,DL187903
DA98108,DA98108
EH48724,EH48724
EH495286,EH495286
BY284628,BY284628
BC35412,BC35412
BR174016,BR174016
AP18648,AP18648
BN173095,BN255945
CW404294,CW404294
AL123457,AL123457
BD96498,BD96498
CW463881,CW144457
DN71273,DN71273
BN35127,BN25084
CL8481,CL8481
BL355569,BL355569
EH86297,EH86297
BH86154,BH86154
EL5385,EL5385
DL200390,DL200390
AW136193,AW136193
BB82836,BB82836
EF2503,EF2503
DP10301,DP10301
BN301796,BN301796
CW211445,CW438769
BN3144,BN39686
DX9934,DX9934
BL242383,BP44704
CW669230,CW794809
DX31461,DX31461
DD75289,DD75289
DE263745,DE263745
CW809456,CC63127
EN50274,EN50274
CG7114,AN94140
BL379354,BL379354
AA131804,AA131804
BL278653,ER30679
AW113914,AW73866
CZ69632,CZ69632
DL146021,DL146021
AK42901,AK42901
DY30646,DY30646
AK39344,AK39344
BR6350,BR6350
BY19927,BY91571
BE146176,BE116977
BE16974,BE16974
EH413810,DE63098
EH258854,EH258854
AL69252,DC6276
DR23360,DR23360
CW224747,CW224747
EL15712,EL15712
BF22954,DW45001
CC99413,CC99413
DW31033,DT175795
DA71790,DA71790
EH740281,EH740281
BR84048,BR84048
EH595650,BN156422
BY562522,BY562522
EH707260,EH707260
BE86458,BE61762
DE3290,DE3290
AK8766,AK8766
ES16060,BG23361
BR23261,BR23261
EH686608,EH686608
EH485478,EH485478
BR157058,BR157058
BE124986,BE124986
EH9013,EH161556
CW148000,CW143725
DL202407,DL202407
DZ50662,DZ50662
AY27319,AY27319
DE245334,DE245334
AN3297,AN3297
CW861268,CW861268
DF5915,DF5915
CW268508,CW246869
EH63784,EG23462
AX32031,AX20424
CG91110,CG91110
BR22932,CS2060
BY440325,BY440325
CG31493,CG31493
BE113317,BE113317
DR49729,DR45004
DX3251,DX3251
BF9995,AN58164
BN306421,BL438602
CZ84029,CW411493
EH77198,EH77198
CW273552,CW273552
EJ23272,EJ23272
BN415113,BH80712
BM40908,BM40908
AN81630,AN81630
EH737624,EH737624
EF19222,EF19222
BL353445,BL353445
DB173865,DB173865
DL172339,DL172339
EH704768,EM54760
CW871849,CW871849
AN67125,AN67125
BE273864,BE273864
AG45183,AG45183
BR2717,BR2717
AN160425,AN160425
DL189106,BR149167
EB39921,EB39921
DN119920,DN119920
BR88018,BR88018
AA162807,AA162807
BY510691,BY548069
CW30261,CW30261
CW12138,CW12138
BY101208,BL45310
AK60928,AK60928
AP44633,AP44633
CW50605,EM50115
DE170832,DE133350
BZ51294,BZ51294
CM16999,DX15820
CW214997,CW191924
DL5765,DL5765
CG82026,CG29247
CW620780,CW620780
EH264006,DE197762
AN49714,AN49714
EF140004,EF140004
EH666787,EH666787
EP41210,EP41210
BY531931,EH737219
EH161095,EH161095
EH284966,EH284966
EM62175,EM17376
BL353438,BL353438
BN159300,BN159300
EM72877,EM72877
BN416870,BN416870
EL72568,EL72568
CW764692,CW764692
DE15651,DE286261
DT124067,DT124067
BE164023,BE142268
CW100233,CW1059173
DE237594,DE237594
DT99001,AL161314
BE319493,BE319493
CW92918,CW92918
DL104359,BN230984
CZ10781,CF2951
BL278653,BB49478
BN414651,BN414651
ED45765,ED45765
DL20193,DL5497
CW822300,CW822300
BN29421,BN29506
DL118342,DL258271
EH198839,EH320246
DT16280,DT16280
BF26908,BF26908
CL19655,BN217945
EH367304,EH575085
CC24102,CC44649
EH779899,EH779899
EH122674,EH122674
BL154683,BL466054
EM70136,EM70136
DE153345,DN80975
CN32660,CN32660
BR146875,BR146875
CC122922,CC122922
DP29897,DP29897
CG30265,AL12533
BY69629,BY69629
CW480222,CW778284
AJ37750,BJ44388
EH472213,EH472213
EH420516,EH449883
EH180113,EH180113
CW269983,CW466999
AL83195,AL83195
BR86215,BR86215
BY532384,BY532384
EH174459,EH439128
DH39644,DH39644
EH526852,EH526852
BN70346,BN63832
AY26903,DA9826
EH72776,EH72776
DB208927,EH786999
CW427875,CW427875
DL82207,CW293872
BD96107,BD96107
EG32012,EJ16566
CW368958,CW248570
DT87386,DT85462
EH299111,DL206242
BN229998,BN304312
BR168274,BR168274
DC18549,DC18549
EH701824,EH701824
CW273879,CW273879
DT9300,AN58473
BE87668,EH1062461
CW478146,CW478146
CW65991,CW65991
EH370081,EH370081
CB62888,CB62888
DB113260,DB113260
AW124577,AW124577
AG13303,AG13303
BD49478,BD49478
BE138742,BE138742
BY521481,BY488159
BY48669,BY440962
AL72001,BH183406
BN334277,BN413011
BY230462,BY230462
AN160114,AP73838
BY558858,BY657308
DL198554,DL198554
BE24962,BE50137
BY395229,BY395229
BY312057,BY445783
BY223224,BY227323
BY516983,BY543177
CW101126,CW101126
DH50862,DH50862
BZ6692,BZ6692
DT42234,DH22318
CC89753,CC89753
EH382328,EH382328
DD56105,DD51362
BJ28006,BJ28006
CM53261,CM53261
BY565005,BY565005
CG30942,CG30942
BY122080,BY122080
BN337931,BN337931
DX14830,DB119376
BH97667,BH97667
DA89593,DA89593
EH178885,EH431124
CW103859,CW103859
DD61672,DB304744
DB147325,DB147325
BN418284,BN418284
BN47846,BN28479
DE164167,DE164167
CA45806,CA45806
AJ37789,AJ37789
BD117717,BD117717
CW474195,CW296415
CW333916,CW107416
BM35990,BM35990
BN174588,BN221605
BL296751,BL296751
DB176346,DB37451
EH224786,EH516580
BE109924,BE109924
CW207356,CW134299
CG131140,CG131140
CW35807,CW15877
BY45663,BY45663
EF38321,EF38321
BL290376,BL290376
EF100120,EF14314
BL42193,BL42193
BL196615,BL131732
DS100169,DS100170
BY265096,BY265096
DX46717,DX46717
BN261606,BN261606
CG91815,CG91815
BH37149,BH37149
DN90966,DN90966
BC45549,AL243721
CF6182,CP14859
BL353938,BL353938
DE231325,DE231325
CW24255,CW24255
BL263446,BL194840
BE293519,BE293519
BN22267,BN22297
BW52915,BW52915
BY52225,BY450935
BN283834,BN252255
AK20266,AK20266
AA163186,AA163186
DS101338,EH845210
AN21816,AN21816
BE229810,BE229810
DW36966,DW36966
CG82837,BR170700
BY566403,BY566403
BL144277,AA142341
AD20919,AD20919
BN39215,BN94157
CW346076,CW721372
CW247822,CW247822
AS52471,AS52471
DE36189,DE27624
EH414584,EH277583
AA152628,AA152628
CW61146,CW61146
CW519153,CW513894
DE236662,DE236662
AL234617,AL234617
BR15602,BR15602
EH12497,EH12497
CW442719,CW442719
CS26548,BY732675
CC66861,CC66861
BP6490,BP6490
EH178414,EH178414
DR36214,DR36214
CW35305,CW141201
BL38544,BL38544
CW175151,CW166688
AN101634,AN101634
EH259481,EH390230
CA83283,CA83283
BN417454,BN417454
EH793034,EH793034
EH306813,EH657726
AL89553,AL89553
BE30716,BE30716
EN9197,EN9197
CC21763,CC6477
EF33481,EF33481
DF12732,DF12732
EH415330,EH415330
BN386892,BN386892
EH583885,EH583885
CN55198,CN55198
DE103780,CW161934
DR61455,EH1108406
AA99304,AA99304
CR18910,DL84272
EH650370,DL139591
EN40263,EN40263
EF42970,EF42970
DD43391,DD43391
EH810522,EH810522
AN61916,AW157659
EH285554,CA46167
AP6144,AP6144
DN81398,DN81398
EP5511,BL79631
EH362188,EH235230
BD56253,BD58735
BE116594,BE55293
CB19311,CB19311
BE142968,CC116134
CZ36507,AS55164
DN109237,DN109237
DW56806,DW56806
CC119792,CC119792
CW181823,CW248713
BM49222,BM49222
EM103919,EM103919
CG8837,CG8837
DP41208,DP41208
AW181559,AW181559
CW866010,CW1140742
AP72258,AP72258
BE96089,BE96089
EH489184,EH489184
EH850858,EH850858
BE324669,BE290873
EH484557,CR3942
CW89697,CW557465
CC85912,AL175216
EH62486,EH62486
DL110168,DL110168
EH124194,EH124194
AA122177,AA122177
AA50318,AW68694
BC56298,BC56298
EH49805,EH49805
DD115027,DD115027
DJ11088,DJ11088
EH342979,EH342979
AL102761,AL102761
BL335101,BL335101
BN230784,BN230784
DD7452,DD7452
CW247479,CW144547
DD131022,DD159116
DZ27230,DZ27230
CX19611,CX19611
CW647416,CW647416
CY18594,BE113572
CW146364,CW146364
CT42802,CT42802
BL292545,BL292545
ES16967,DX35199
DM24064,DM24064
CN75262,CN75262
DB218583,DB218583
BN25671,BN25671
BN415083,BN487504
EH364664,EH364664
AM70954,AM70954
CW198033,CW198033
EN65025,EN65025
EF75703,EF75703
BR110622,BR110622
BL357431,BL357431
CW840646,CW766934
AL252541,AL252541
DB2350,DB11901
AL24916,AL30981
DL19152,DL11298
BL245281,EH313559
EA8235,EA8235
EH168016,EH168016
DW26506,DW33530
EH771606,EH771606
DL46517,DL46517
BY388336,BY15013
CG73565,DN21639
BL32706,BL189959
BY412434,BY412434
AW169286,AW169286
EH273925,EH273925
EM28418,AN51713
AG45073,AG45073
EM91480,EM91480
EH118706,EH118706
EH44281,EH44281
DK22022,DK21685
EH843026,EH493431
EH740008,BY77625
EH286581,EH286581
DE233891,DE233891
DN91940,DN91940
CW323305,CW323305
BJ10093,CG130106
DB109309,DH38311
AL146399,AL146399
DD104725,DD104725
DB163161,AK105898
CS26287,CS26287
BY169956,BY169956
BY7266,BY7266
CY17729,CY17729
AK82662,AK82662
EM26393,EM26393
DR98489,DR98489
CW536660,CW536660
BL102102,BL102102
CT34386,CT57463
BL164093,BL164093
BR58206,BR27427
CJ62446,CJ62446
BL237803,DW34489
EH25611,EH25611
EH446300,EH934615
BH7432,BH7432
EH276558,EH336782
DF16852,DF16852
EH257223,EH441219
DL122853,CW699179
BN30642,BN65814
CZ47341,CW226044
BD74598,BD74598
EP35555,CZ38335
DN97394,CZ54749
CC15723,CC15723
CK9704,CK9704
EF161255,EF161255
BJ30848,BJ30848
CW73515,CW365720
EN20208,EN37708
EH686958,DT99001
EH849182,EH849182
BL174524,BL148427
BY308956,BY308956
EH59296,EH59296
CJ110468,CJ110468
CS25744,CS25744
EH82431,EH82431
EH88169,EH88169
CW50872,CW50872
CW20438,CW213534
CW562772,CW620311
BN24457,BN29365
BN226902,BN226902
BY385839,BY385839
EH36766,EH36766
BN190813,BN261646
EF86037,ER17448
DL109062,DL109062
EH625476,EH625476
CW674865,CW674865
EG17920,EG17920
EJ15001,EJ15001
BY239681,BY239681
EH756005,EH756005
DN58281,DN58281
EH692570,EH692570
CL2150,CL2150
DL155614,DP32872
CW87579,CW316673
AP72736,EH848865
EH767214,EH867675
EH133456,EH133456
DT74048,EF105027
BL107144,CT50242
BE274043,BE274043
DE122529,DE122529
DP45257,DP45257
DN122857,DN122857
BN266696,BN266696
BL197454,EH383814
CG112603,CG17131
DL166432,DL166432
BS3052,BS3052
BN315465,BJ40182
CC92357,CC92357
DA4285,DA4285
EH204207,EH204207
CM21263,CM21263
CW529218,CW529218
CW325723,CW333916
CA42791,BN348924
DA8185,DA67223
CW865088,CW865088
DA26956,DA26956
BN313027,BN184173
CW179223,CW179223
BE265874,DR83173
CW504961,CW504961
BJ22258,DB145211
BN178656,BN178656
CG133769,CG133769
CS15465,BP16411
EH394661,EH394661
DL94077,BL268047
EM85086,EM85086
BN130891,BN130891
AW79085,AW19226
CW828537,CW828537
EH425405,EH425405
AT13698,AT13698
EF48340,EF48340
AP40606,CW632532
CB75098,CB75098
BH90353,BH90353
EH153703,EH153703
DE107452,DE107452
DT72492,DT72492
BD97874,BD97874
DD7442,BN119209
DR77940,DR77940
BY101344,BY101344
DD142298,DD142298
DL154692,DL154692
BY387257,BY387257
AA142046,BN266420
EH860176,EH860176
BY22790,BY18389
AW72634,AW72634
EM3060,EM3060
CW251471,CW326524
AA123702,EH192550
BL301670,BL301670
BH120296,BH34577
EH869226,EH869226
AD5893,AM23719
EH613227,EH613227
BH92907,BH92907
CW173746,CW253939
AK45675,CJ51007
BH6296,BH86154
CW381631,CW325951
EH822940,EH822940
EH150151,EH150151
AK20633,AK20633
EH152772,EH195826
EH230919,EH230919
DA85977,EP41584
EE6145,EE6145
EH165227,EH165227
CN59234,CN59234
EH387813,EH145956
BK18617,BK18617
DB212914,DB212914
DL210988,DZ54110
AY27590,EL29259
DB214820,DB214820
DR3253,DR3253
BL3238,BB20621
DD92538,AM104517
EF72506,EF72506
DG37445,DG37445
BE277164,CW492873
DL189371,DL189371
EN15275,EN15275
DP46493,DP46493
EH303593,EH303593
BE103214,BE103214
AS28558,AS28558
DJ2556,DJ2556
EH112591,EH112591
DN54439,EF30157
AM66386,CN22601
AK105898,AK105898
DT135378,DT135378
EH50486,EH50486
CW646099,CW479452
DE88373,DL202094
BY191474,BL50148
EH775272,DT148550
EH784433,EH161556
BN16061,BN13295
BL126956,BL126956
BX18829,BX19233
DC21228,DC21228
BL12205,BL12205
BN264249,BN155572
BE46159,BE46159
AG30448,AG30448
AB18554,AB18554
BL368613,BL368613
AX47004,AX47004
AN57761,AN70569
BY543239,BY543239
BY414871,BY414871
BN419777,BN501021
DD95691,DD95691
CW330807,CW785919
EH109588,EH109588
EH108925,EH108925
BN381847,BN381847
CW331067,CW331067
BG35454,EH1031785
CW899453,CW899453
BN330440,BN330440
CW265238,CW265238
CW770332,CW770332
BL124982,BL124982
CW875365,CW875365
AH14607,AH14607
AE4378,AE4378
CW117883,EF17687
DH17455,DH17455
CW747116,BY680726
CW564315,CW670574
BR110784,BR46207
AM46280,AM46280
EH446125,EH446125
EH464475,EH464475
BW22691,DL113181
AF9650,AF9650
CW420619,CW243606
CW871104,CW871104
BY467839,BY533795
BH87705,BH87705
BC11731,BC11731
AJ35417,AJ35417
DE224900,DX37856
AW55447,AW55447
EH706306,EH706306
BR114997,CW557705
EH233450,EH233450
BN73473,BN25084
DX38601,DX38601
CG68201,CG68201
EH63239,EH63239
EH252587,EH252587
CM44772,CM44772
EH449221,EH449221
EF150280,AW44277
BY267816,BY178204
CM37930,CM37930
EC7059,CB67591
EH12603,EH12603
CG27994,CG68021
BE154323,BE154323
BN55324,BN55324
BR163407,BR163407
BN42925,BN42925
CW191547,CW230480
AL84071,AL84071
DB38831,DB38831
ED8132,CT23785
BL11885,BL11885
EF160998,EF160998
DZ33075,AL82970
BL49579,BL49579
CW491888,CW490574
CW118343,CW162651
DE222577,DE222577
CC85866,CC85866
EM94443,EM94443
AG5012,AG5012
EB34644,EB34644
BY241382,DW34489
BN150391,BN241195
EF90185,EF83250
CD23172,CD23172
AX47412,AX47412
BE310574,BE310574
BN283834,BH183406
EH137039,EH39728
EH69878,EH69878
BN417279,BN417279
CW156675,AW125171
DJ6014,DJ6014
CW500287,CW500287
DY30840,BR154869
BS8026,BS8026
DZ32316,DD89155
DL66421,DL66421
BY235202,BY235202
EH467065,DS76905
BD54302,BD23070
EN46904,EN46904
CW273693,CW273693
DH11044,DH11044
DL155614,DP33811
EL47202,EL47202
EM97953,EM97953
BN374610,BN374610
DE201680,DE201680
BE281476,BE281476
BG34351,BG34351
EH861955,DE259451
DD75938,DD75938
BE284714,BE284714
EH620365,EH620365
DX9691,DX9691
CW220254,CW772864
BK34047,BK34047
AP40606,BH91934
CW192464,CW192464
CW232506,CW232506
CW573737,CW1221956
BH119414,BH119414
EH190005,EH1278422
EH521384,EH521384
CW140963,CW377604
EH190714,EH190714
EM71074,EM71074
DA78392,BY551551
EH17348,EH17348
DE142473,DE78962
BH26684,BH26684
EG17042,EG17042
AE21695,AE21695
DE22322,DE22322
AB24409,AB24409
AN84084,AN84084
AN129620,AN129620
EH408729,EH408729
EA31615,EF109872
BN92126,BN92126
BC51683,BC51683
CG119452,CG119452
CR4399,DL147663
EH222999,EH222999
BY415321,BY415321
AW76640,AW76640
BL22954,BL22954
BB64435,BB114638
EH212948,EH212948
AM57154,AM57154
BE307593,BE307593
CC103618,BY732675
BH21577,BH21577
BN263843,BN267900
DB225391,DB291542
CC81519,CC81519
BM19714,BM19714
BY555002,BL222380
EF27371,EF27371
CG121591,CG121591
BR153521,AA140272
AY13503,BR48395
DW54738,DW54738
EH608667,EH608667
CW347615,CW473180
CC99356,CC99356
EF13447,EA33161
DL118342,DL44575
BZ16980,BZ16980
DL71008,DL198792
BH31588,BH31588
AX24715,AX24715
BN294532,BN294532
EH419746,EH419746
CN74639,CN74639
CW691775,CW691775
CW511205,CW511205
BL185289,BL185289
DK34733,DK34733
BR117922,BW31018
BL225816,BL225816
EA44566,DT136333
CW111412,CW312094
BN419244,BN419244
BY523428,BY523428
EH859149,EH859149
CZ22431,CZ22431
CW344958,CW344958
CW669683,CW1018540
DW8744,EF86315
EH39625,EH39625
BR76405,DW68488
BZ6343,BZ6343
BE74484,BE74484
AW2840,AW2840
DB28751,DB28751
DL186064,DL186065
EF19919,EF19919
BN181699,DB42342
DT126633,DT126633
AD26763,AD26763
DT136333,DT136333
AG50468,AG50468
EH209647,EH209647
BZ36901,BZ36901
BN98375,BN42549
EM10131,EM10131
BY67045,BY268417
EH219488,EH263622
CW808636,CW1029238
CZ45747,CZ45747
AG37636,AG37636
BH6296,BH6296
EH628344,EH628344
BB9327,BB9327
BY317989,BY285738
DE245214,DE245214
ES16060,CB79162
CC111488,CN57348
DT50213,DT50213
CG115966,CG115966
BN286224,BN304133
CJ4149,CJ4149
DR112052,DR112052
EN55188,EN55188
EF125398,EF125398
EH602412,BY751832
BE255593,BE255593
EH398292,EH398292
EH847175,EH847175
CB61406,CB61406
EH765237,EH197945
CW381520,CW204740
EH184988,EH184988
EH24147,EH24147
DD65293,DD65293
EL70057,EL70057
BX20706,BX20706
EH218522,AW127759
BH24934,BH24934
AN27159,AN27159
BN27081,BN27081
CW481656,CW1220203
AW161392,AW161392
BR71698,BR71698
BE262123,BE262123
AX39467,AX39467
EH218522,EH343267
ER34676,ER34676
BW40521,BW40521
AA164468,EH546089
CW119020,AN139993
BR135511,BR135511
EF85284,EH508810
CW87579,CW558232
EM88529,EM88529
BY241382,BP16411
DD80174,DD72928
BL26214,BL26214
BH21128,BH21128
EH18639,EH18639
DE200561,DB101762
EH85868,EH85868
BY355857,BH103655
BN401874,BL382231
CW463433,CW463433
EF38541,EF38541
DB230822,DB230822
CH29249,CH29249
CX11754,CX11754
DN78538,DN78538
BH143402,BH143402
DW18413,DW18413
CW709183,DT148550
CM47903,CM47903
EH850732,EH850732
BE277164,DW34489
BC46197,ES12556
EL72212,EL72212
EH356228,AA48594
BH139076,BH139076
EH451024,DW20762
CW14055,CW14055
BH70632,BH70632
DE154392,DE190522
BN207339,BH58839
EH117040,EH117040
BR60166,BR60166
DN117254,AN103650
EH327747,EH327747
DT39968,DT39968
EH100648,EH100648
DT111163,DT111163
EF33246,CW485667
DE262620,DE262620
BL89345,BY243950
DL144997,DL61477
EH672884,EH672884
DT68093,CW474903
EH220534,EH220534
AH4779,AH4779
DP6358,DP13992
CA81956,CA81956
BE141430,BE141430
DL109780,DL109780
CW240544,CW233484
DA50392,CG83538
BN234195,BN234195
CR19851,CR19851
DD123445,DD123445
BF6654,BF6654
BH15665,BH15665
BL184234,BN155572
EH863071,EH863071
AB18417,AB18417
DB185969,DB185969
EH293203,EH293203
DT2141,DT2141
CW15566,CW15566
BJ22003,BJ22003
CC28497,DK9480
BY523899,BY523899
DL190828,DL190828
AA51240,BR108206
BK2039,BK2039
AM31204,AM31204
DP9484,CG16014
AM90652,AM90652
CW103341,CW103341
EH583132,EB57997
BW16312,BW16312
AD26825,AD26825
EH729202,AN137193
AW184185,AW184185
DT72774,DT72774
AA156850,AA156850
BY504938,BY613618
EH660990,EH487074
CW716502,CW716502
DL35446,DL28597
DW56724,DW56724
BR128406,BR128406
BJ36187,BJ36187
EF9614,EF9614
BL135513,BL135513
BL68423,BL68423
DP2975,DP7043
ER6392,ER6392
CW870428,CW870428
CG104565,CW471503
DW33715,DW33715
AW175218,AW175218
CG60263,CG60263
CC26654,CC26654
DL32423,DL22689
AH3597,BR74127
CW647337,CW647337
CW6910,CW6910
BJ24126,CW623626
CF3162,CF3162
BN28877,BN127248
CW189864,CW451225
DN73222,DN88775
EH125291,EH125291
AK18275,AK18275
CW701555,AN155794
AZ13165,AZ13165
DB131515,DB137426
DE115661,DE147752
EF111594,AW91519
CA92684,CA92684
EM102006,EM102006
AK38530,AK38530
EH97957,EH97957
AH3597,AM65154
BN113369,BN113369
AL24990,AL24990
EH556378,EH556378
EH4754,EH172024
AT11275,AT11275
DE233184,DE233184
AJ33347,AJ33347
BR168420,CP31224
AW28279,AW140899
EF79537,EF79537
CW51488,CW51488
CW261848,CL56405
DL211432,DL211432
EG16500,EG16500
EP66458,DD30796
CW515244,CW465728
BR169132,BR169132
BH78219,BH78219
BH113148,BH113148
EH88230,EH88230
DA21494,DA21494
EH643946,EH643946
CG82837,AS44574
BA6608,BA6608
CW178290,CW714305
AE20430,DD129822
BN69119,BN69096
DX11986,DX11986
DX47496,DD32945
CW98422,CW98422
CL2941,CJ50271
CG72723,EH38883
EH463836,EH463836
EF25606,EF25606
BL274276,BZ35704
CW47317,CW119608
BH132981,BH132981
EJ22107,EJ22107
AP40606,DB120122
DZ58666,DZ58666
DL129019,CG42129
DH53028,AL273926
AK46469,AK46469
EH93368,EH93368
BL110031,BL110031
AF20938,AF20938
BL41171,BL41171
DL197000,DL197000
BE150500,BE150500
CW122161,CW29465
DH43949,DH43949
BN27520,BN165220
CJ82159,DL86005
AL246993,AL246993
DY34683,DY34683
BL33582,BL33582
BH46909,BH46909
BN343280,BN235550
CW393043,CW504961
EH758092,AZ7403
CC52322,CC52322
DT45862,DT45862
DW57811,DE206299
BE291685,DW56687
EM20203,EM20203
BL325941,BL325941
ED7549,ED7549
DB152397,DB152397
AW122310,AW122310
ED29977,ED29977
BN169954,BN311100
DP31460,DP31460
DN109181,DN109181
EH349113,BL191414
CW735778,CW735778
AS27203,CW691842
EH778779,EH778779
CW387787,CW268900
AL123958,BP40638
BY479012,BY479012
BL297672,BL297672
AL226640,AL226640
AK87915,AK87915
EH620341,EH620341
AW100761,AW69157
CW506364,CW506364
BR120784,CN22601
AX11421,AX11421
BN20176,BN20176
BP50737,BP50737
EH184270,EH1203568
CW409372,CW398869
DA40231,DA51678
DT71459,DT71459
CW89697,CW130115
ER22470,BP40638
CW361172,CW181814
DN83466,DN84126
AW170626,AW170626
CG92287,CG92287
EH792093,BL384141
CM38417,CT29381
CG106539,CG106539
EH683516,DZ58422
BN246710,BN507814
AL240352,AL240352
BE291527,BE291527
AB10798,AB10798
DT22319,DT22319
DB230371,DB230371
BR18846,BR18846
EH794193,EH794193
CW197182,CW663204
DX48436,DX48436
EH117511,EH117511
BL107715,BD103040
DP41246,DP41246
DR65721,DR65721
AB9484,AB9484
EH867539,EH867539
BY515683,BY515683
DE11051,BL58711
EP10495,EP10495
CW380157,CW380157
DX43696,DX43696
AJ21081,AJ21081
CH41581,BL373200
CC62559,CC62559
BM14571,BM14571
EH654402,EH654402
AW25421,AW25421
DT33159,DT33159
CW468154,CW468154
BE273220,BE273220
BC20241,BC20241
AN111813,AN111813
DD15529,DD43118
BR148260,EH934678
EJ23214,EJ23214
CW896473,CW896473
EH511540,BR74177
AG22333,AG22333
DE259093,DE72787
BR61335,BR61335
BY61777,BY693709
DD75573,DD75573
CW109498,CW109498
CW336040,CW340244
DL19530,DL29745
EH226889,CW623626
CJ142422,CJ142422
BH88373,BH88373
BL286955,BL286955
DS101932,DS101932
DX27579,DX3364
BL318864,BL318864
DX14830,DX35199
BE258555,BE258555
EH845679,EH845679
AL75377,AL75377
EH515313,EH515313
ER30490,ER30490
BG33228,BH105207
BN267489,DL180091
AN98818,AN98818
EP85218,EP85218
CW391969,CW246869
BY517328,BY517328
CW235329,CW75236
EH700656,EH700656
CH16221,CW191835
DH31593,DH31593
BN345137,BN345137
CW891416,CW891416
CJ3928,CJ3928
DA87560,DA87560
CZ80136,EH327445
BD85841,BD85841
AA24032,AA24032
BN144041,BN144041
CW590353,CW590353
AY13503,AK31375
AK95322,AK95322
EH144387,DR82996
AN95716,AN95716
DD13695,DD60894
BY206851,BY612293
BM12209,BM79245
BE246629,DL187215
DY7762,DY7762
BN390059,BN390059
BY421189,CG183015
EH788962,EH788962
CW891779,CW490574
EF114412,EF114412
BL201559,BL201559
CJ28166,CJ28166
AL86936,BJ11380
AK45675,EH384210
BY269718,BY421225
DK29263,DK29263
DB231751,EL37267
DA29422,DA29422
BN407573,BN407573
BM57692,BM57692
CH29399,CH29399
EH363136,EH363136
CW403271,CW880627
EH219451,EH342518
BN27520,BN28696
CW668326,CW82983
AW131012,AW109589
CW329439,CW199519
AK59895,AK59895
BN332858,BN332858
BL219397,AS55164
BL380122,BL504455
AW170453,AW170453
BH5656,BH5656
EH223364,DS6931
ES8037,ES27703
EF136512,BY190519
AN47014,AN47014
CF6827,CF6827
EP75025,EP75025
BR132564,BR132564
CJ32587,CJ32587
EH52816,EH52816
BY364908,BY127558
DB119857,DB119857
EH410275,EH410275
BY206244,BY375001
DN127271,DN127271
BL333304,BL333304
BY223869,DN59752
BM3596,BM3596
CA96822,CA96822
EH684518,EH710049
EF32056,EF32056
BD22973,BD22973
EH396296,EH396296
CM10527,CM10527
EH77330,EH77330
CN4067,CN4067
BH137886,BH137886
AT24867,AT24867
DE168981,EP49431
AK83280,AK83280
BY347054,BY462291
BE88034,BE88034
EH870664,EH870664
CN73990,CN73990
EH166211,EH332372
BE239005,BE239005
DZ48430,DZ48430
CM18013,CM18013
BN309792,BN309792
CW410085,CW410085
EJ12559,DE197762
BP53066,EH861221
CW391969,CW408074
BD22229,BD22229
BD19814,BD19814
EP75303,EP75303
DJ4208,DJ4208
BE253136,BE253136
EH144818,EH679075
AK51970,AK51970
BY117482,BY117482
CW198181,CW473205
EH467122,EH467122
AA43524,AA43524
BL75981,ED11241
EH105616,EH333137
CW881207,CW881207
EH779314,EH779314
CW51048,CW51048
AN144883,AN41104
DS31188,DS31188
DW47114,DW47114
EH173523,EH173523
DB185406,DB185406
BY141546,BY12926
DE236042,DE236042
DE250336,DE250336
EH639503,EH639503
AS42420,AS42420
EM28418,DT71377
BY378057,BY377609
DB154772,DB154772
EH65787,EH223386
AM33160,AM33160
CZ35892,CB79162
BL224019,DE153464
DR30468,DR30468
BY491957,BY491957
BY426162,BY426162
BY92337,DS122147
CW508640,CW483748
DT47931,DT47931
AK26385,AK26385
BE126067,BE102310
EH621647,EH449117
CC100835,CC100835
CB3327,CB3327
EF162049,EF162049
AJ31253,AJ31253
DR61993,DR61993
EH68016,EH68016
EN12053,EN12053
BW52589,BW16766
CW21719,CW147496
DR15292,DR15292
EM85861,EM85861
EH295242,EH295242
BW19956,BW19956
BR130477,DP44721
CW376560,CW376560
BN374900,BN374900
BG17347,BG17347
EH451351,EL55310
DZ38874,BN114025
EF59309,EF59309
CW654711,CW654711
BH136527,BH136527
EM28418,CW471503
BY196257,BY137320
DD20108,BE113572
EH234703,EH199635
CW639883,CW639883
BY564930,BY294253
CW320680,EC6069
CJ40753,CJ40753
DS98105,DS98105
EH863349,EH863349
BN335550,BN335550
DB50854,DB50854
BE160834,BE160834
EH789274,EH789274
BN71112,BN71112
BN254206,EN54282
DB209092,EM71447
CW596338,CW596338
CK3980,CK3980
CB61373,CB61373
CJ137342,CJ137342
BN26825,BN26825
AN104656,AN104656
BE77628,BE32566
CW495030,CW422773
BL75981,BL75981
CW211690,CW133202
BH122992,CR17815
BY72915,BY72445
EK13894,EK13894
CW37878,CW37878
CW331964,BP33068
EH326277,EH326277
CW323853,CW323853
BN408455,BN349719
AX2461,AX2461
BJ8013,BJ8013
EM91726,EM91726
DL134324,DL147663
AN126112,AN126112
EH380767,EH261976
BL149415,BL173022
DE100954,DE100954
BL388547,BL388547
EG37568,BN333291
DC4158,DC4158
BY521481,BY521481
BN101142,BN101142
EH694520,EH694520
BE35348,BE35348
CW331964,CW201868
DT102636,DT102636
EB20746,EB20746
BE51370,BE51374
BH126016,BH126016
BE301614,BE301614
DZ15297,DZ15297
BC44901,BC44901
AA162005,AA162005
EH49755,EH49755
CB51258,CB51258
AW170655,AW170655
EH473323,EH473323
BE273795,BE273795
DB46025,DB46025
CW311987,CW195060
BN5856,BN94157
BR127087,BR127087
EH210460,EH210460
EN33819,EN33819
BC23701,BC23701
EN2575,AM90074
EH20586,EH20586
CW508640,CW508873
CJ19612,CJ19612
BL258660,BL258660
AN97531,DB101187
CW607982,CW84038
EM100765,EM100765
DZ58798,DZ58798
EM30484,EM30484
BY91217,BY91218
BC34053,CZ90304
DD129314,DD129314
BD41448,BD41448
CW498523,CW498523
EH187780,EH187780
CN68964,CN68964
AR9307,AR9307
EH202926,EH202926
EH451024,EH158425
CW578775,CW721372
EH344146,EH344146
EH544141,EH544141
DZ26736,DZ26736
AA93026,AA93026
CN13395,CN13395
AN97531,AN89609
BN166097,BN231995
AG44674,AG44674
EH407221,EH407221
CG137392,CG137392
DY30840,EP79569
EK6812,EK2707
EH24977,EH24977
AE23203,AE23203
CN26549,CN26549
EH188217,EH218112
BE324570,BE324570
BL279048,BL279048
CW5884,CW209032
CW763157,CW763157
BY491982,BY491982
BY469651,DE259451
CW279842,EH166289
EH271061,EH327445
BY186413,BY81609
EK17180,DX46676
EH77801,EH99784
AY6752,AY6752
EH182988,EH182988
BL62272,BL61398
BD111561,BD111561
DL21613,DL47298
BD117612,BD117612
DZ26686,DZ26686
EM71134,EM71134
BY430191,BY111752
AE15394,AE15394
BY143668,BY143668
BN5403,BN8792
DR29021,DR29021
CJ12741,CJ12741
AN3629,AN3629
BN166936,BN166936
DZ46468,EL65588
BN185020,BN122364
DL134771,DL134771
CJ33671,CJ33671
BL45250,BL45250
BE79854,BE56070
BN57653,BN13469
BN50617,BN66390
EH276558,EH318174
AP22277,AP22277
DH52396,DH52396
DL131227,DL131227
DZ48735,DZ48735
EH73812,EH527622
EH41966,EH41966
EG9588,EG9588
AX37504,AX37504
BY509586,BY509586
AW128059,AW128059
DE169820,DE169820
DL136868,DL116891
DL135336,CW632532
EH120434,EH120434
EH116640,EH116640
DS6192,DS6192
DR44270,DR14796
CC120801,CC120801
BE62256,EH3034
DE27493,DE27493
AA71265,CL56405
DE240029,DE240029
BL334797,BL334797
CG9212,CG133923
DG45576,DG45576
DB6097,DB6097
EH208917,EH208917
BL258788,BL258788
BD91441,BD91441
AN135252,AN135252
CC37456,BY454379
AC12943,AC12943
AK45675,EP29500
CW272667,CW646933
EH380502,EH380502
EA27230,EA27230
AB24109,AB24109
DE69066,AX30370
AL58909,AL58909
AL216048,AL216048
BL349810,BL349810
BL286125,BL300556
BG15277,BG15277
DY9961,DY9961
DL30533,DL134326
CB67244,CB67244
EH112163,EH112163
DA54211,EL37267
AA100847,AA100847
CW871369,CW871369
DE44950,EH153787
EH281555,EH281555
DZ57709,DZ57709
EH85900,EH259388
BC50262,AN51713
EP37690,EP37690
CG52116,CG52116
DY7715,DY7715
BJ24472,BJ24472
DB148576,DB142323
EH852999,BL191617
EH48511,EH48511
CG12251,CC12807
DD56132,DD56132
EH147902,EH147902
EM10689,EM10689
BL237391,BL252333
BJ34154,BJ34154
BL368581,BL368581
EH743988,EH1307303
DR33285,DR142425
EF5013,EF5013
DD51362,DD51362
AW158539,AW158539
CW175151,CW300251
CW628670,CW628670
DS90883,DS90883
DN35404,DN81062
CW900942,CW900942
CW255665,CW255665
DA18350,BH120159
BN98408,BN146040
BH12306,BR73262
DD143225,DD143225
BY97347,BY60721
BN290571,BN290571
EH523160,EH709855
BN41356,BN31311
CW273693,CW222863
BH56334,DD58995
BD43918,BD43918
BL21462,BL21462
BE262261,BE262261
BH26488,BH26488
DT17987,DT17987
BL55646,BL18857
BN192737,BN192737
CW663413,CW663413
AM64840,AM64840
BY522563,BY458426
BY478503,BY106609
DK3364,DK3364
CJ141401,CJ141401
EM28418,AG20383
CC89676,CC89676
CJ32663,CJ32663
AG37166,AG37166
BZ35150,BZ35150
EF85811,EF85811
DR43877,DR43877
EH232429,EH232429
CB47745,EF105027
EH264006,ER30679
DN45489,DN45489
DB230427,DB230427
BR53851,BR213160
EJ21069,EJ21069
DR36156,DR58965
BY387698,BY387698
BL39490,BY126075
EH521175,DH43685
CG108231,CG108231
DN100071,DN100071
CH47999,CH47999
AN64944,AN64944
CW24975,CW261734
CB12765,CB12765
EH433769,EH190714
CW133989,CW380507
BY379083,BY59465
BN35127,BN63832
EH177451,DN83681
BN419809,BN120315
DX2910,DX2910
DT136349,AA165790
DB152744,DB152744
EH259491,EH508573
AM6851,AM6851
CW261848,CW430562
AG49887,AG49887
CL10445,CL19616
EH767422,EH767422
CW588506,CW15877
BR169999,BR169999
EH25967,EH25967
AN131900,AN131900
BN298691,BN298691
EH177603,EH177603
DA99006,DA99006
BE325253,BE325253
EH223073,EH223073
AA160377,AA160377
EB64028,EB64028
BZ50122,BZ50122
CW625706,CW625706
DT134059,DN128701
BY193322,BY193322
EH190287,EH190287
EH425304,EH425304
DX37758,DX37758
BY104784,BY104784
BR79900,BR79900
CW222601,CW483748
CJ105830,CJ105830
BL325758,BN172364
CW74997,CW425327
DD51500,AW184899
CJ110549,CJ110549
EH826827,EH826827
BY139721,BY111914
EH381349,EH381349
BE107302,BE107302
EH765739,EH765739
BN53491,BN45875
DR85235,DR85235
DE170832,DE91560
CS30743,CS30743
BR32776,BR32776
CW462203,CW462203
CW297516,CW135316
EF116879,EF116879
BE310824,BE310824
AE17601,CG110553
BE280600,BE280600
BR69324,BR69324
EH10048,EH10048
BL136062,BL136062
DE200607,DE200607
BN273940,BN273940
EF121945,EF121945
BY505102,BY480746
BL299540,BL299540
BM51333,BM51333
DW47750,DW47750
CW303741,CW303741
CW266169,CW341876
CG84912,CG84912
BR15481,BR15481
BW8722,BY26493
DB232245,DB190325
EH714258,EH1054024
EH821325,EH821325
EM58896,EM58896
EH623933,EH623933
CG72741,CG72741
CS17297,CS17297
CW242683,CW511026
DL71700,DL71700
BY71150,BY71150
DL33927,DL9146
BN287854,BN253921
EH304941,EH304941
EH278044,EH278044
BY448160,BY448160
DX17938,DX17938
DL26549,DL3076
DZ10979,DZ10979
BR77632,BR91631
DH34089,DB109896
BN173095,EH197180
EH462721,EH462721
EH55329,AN47410
BH67763,BH67763
DT119961,BH144394
EH435449,EF30606
EH636534,EH636534
CW330807,CW330807
CW57543,CW138481
AS32020,AS32020
AX58577,AX58577
DL94077,BR48395
EH282043,EH93093
BR117758,BR117758
BY363492,BY363492
CW499784,CW499784
DZ16058,DB119376
CW779440,CW779440
BW48276,CN7573
BN10625,BN7337
DL136882,AG26527
BF9995,EL37267
BR150168,BR150168
EH700776,EH700776
EH773940,EH773940
BB48080,BB48080
BL155002,BL155002
AN129463,DL197691
AP17563,CT52345
DR7244,DR7244
DR94675,CA58588
CM11325,CM11325
BN130255,BN130255
BN104551,BN165618
BN266748,BN266748
BH60140,BH60140
BG22621,BG22621
BN223655,BN7602
BK36756,DB205743
AP73558,AP73558
CW343465,CW633260
DD24001,DD24001
BN244625,BN244625
AW150840,AW150840
BE49088,BE49088
EN45704,EN45704
EH331897,EH331897
CW631113,CW631113
BN88149,CN42300
BH123172,BH123172
DY16519,EF105027
BE77814,BE77814
AZ5623,AZ5623
BL226136,BL126479
DR110207,DR111979
BL238727,BL238727
AL233031,AL233031
AL47463,AL47463
BH140476,BH140476
CC115504,CC115504
BB76709,BB44779
BW48276,BL74970
DE108344,DE108344
CC115210,CC115210
BL101713,BL150651
AL103639,AL103639
CW503271,CW503271
CA45074,CA45074
EH447874,EH447874
BN106539,BN174322
BY23214,BY23214
BY414537,BY414537
EH606292,EH993998
DR61455,DP33811
BE275885,BE275885
BH7873,BH7873
CW206878,BR132564
BR34016,BR34016
CN59149,CN59149
EF85284,EM71447
EH570299,EH570299
EN31049,EN31049
DN15360,EH30179
EM47544,EM47544
DW20762,DW20762
EM13975,EM13975
EH449883,EH449883
DH52947,DH52947
DL142421,DL142421
EF2296,EF2296
EH600763,EH392268
AB33957,AB33957
AG23385,AG23385
EH833623,EH833623
DT103529,DT103840
DN113985,DN113985
DE256758,AP48829
EH10792,EH10792
AW91519,AW91519
BE305323,BE305323
AL120030,AL120030
BR173175,AN137062
CW290361,CW290361
BZ34897,BZ34897
DD32155,DD32155
EH521175,CL56405
CB42964,CB42964
EH396744,EH396744
AA32615,AA63248
BL97435,BW18508
AZ10571,DS98965
EP69300,EP69300
AK14372,AK14372
CW8605,CW748094
BY496972,BY496972
AW83494,AW83494
EH359676,DE165996
EH196326,EH196326
CW496821,EH184988
AN136377,AN136377
DN118723,DN118723
DD31415,DD31415
BL197818,BL197818
DR112525,DR112525
CZ47014,CZ47014
CW693595,CW693595
BH128280,BH128280
CS28817,DR63924
AA162848,BE450105
EH62583,EH62583
CW702692,CW702692
DN99639,DN99639
DR71472,CG42129
EH608496,EH608496
CX7143,CX7143
CJ10517,CJ10517
BY372137,BY372137
CW875685,CW191924
DK3541,DK3541
EH346841,EH346841
EH156235,EH156235
BL346225,BL346225
AE25547,AN128278
EG8821,EG8821
DE107337,DE89226
BD58454,BD58454
EN16304,EN20267
DE169041,BL430037
BN136185,BN72739
DZ57107,DZ57107
BM42327,DA65808
CW111031,EF70347
AG31426,AG31426
EH871243,EH871243
EH346239,EH346239
BZ19868,BZ19868
DT113466,EF109801
BZ34358,BZ34358
EH748295,DN76332
DG29586,DG29586
EH716628,EH716628
AA109480,DE191212
BN140913,BN140913
AL124844,AL124844
AN18988,AN19901
BN280011,EN42434
DE235939,DE235939
AL41148,AL169000
BE298899,BE298899
BL381931,BL381931
DA88688,DA88688
BL41235,BL41235
CB72146,CB72146
EF154317,EF154317
CW208970,CW533426
CE27970,CE27970
BM58593,BM58593
DE240897,DE235955
AA156275,AA156275
EH74959,EH74959
EF12695,EF12695
BY552408,BY552408
CG135023,CG135023
CJ86416,CJ86416
DT117676,DT117676
DD61672,BR170700
BE215501,BE183398
CW192792,CW202482
DE261985,DE261985
DW43056,DW43056
CB42558,CB4834
CJ22271,CJ22271
EH832919,EH832919
AP67859,AP67859
CW465425,CW465425
CG25129,CG25129
EH345124,EH345124
EP51409,EP51409
DG37220,DG37220
EM28418,DB61101
BL389588,BL389588
BN27507,BN66390
AL29186,AL29186
BN131256,BN233714
DE177038,AA140272
CC40220,CC40220
DS100996,DS100996
BN349449,BN349449
AY33093,AY33093
AA106737,DW25520
CG17587,CG17587
EH123320,EH123320
BE249491,BE249491
EH404439,EH404439
AA94962,AA15799
DL33566,DL29807
DS50716,EH277891
BN54694,BN70729
CJ116518,CJ116518
EH193196,EH1154837
DE106809,DE120966
CC95200,CC95200
CW645892,CW645892
AP67696,AP67696
BN241841,BN241841
EH666787,CJ113686
CE41612,CE41612
DE69464,DE77776
BL330503,BL330503
CW877971,CW877971
EH409782,EH409782
DX49886,DX49886
EH204480,DL105341
EH92874,EH92874
EH200090,EH200090
CW149527,CW413963
CW260032,CW260032
BK33419,BK33419
DD101037,DD101037
CW224258,CW1351737
BP43966,BP43966
CZ69380,CZ50212
DX54322,DH54777
DX50762,CW774514
EH616946,EH526477
DR40823,DR40823
CJ47391,EH151264
DD47440,DD47440
BA14391,BA14391
CW219069,CW683518
BY190983,BY190983
BY469463,BY469463
BN145557,BN163468
AL214589,AL214589
CW236823,CW132128
CM6603,CM6603
EF15985,EF23243
AW55966,AW55966
EH513019,EH513019
BL54008,BL54008
DL20726,DL20726
EA42165,EA42165
CW679549,CW679549
DA21679,DA21679
EP4707,EF55902
AA109660,AA109660
DW61938,DW61938
DB131132,DB17200
EH474399,EH474399
EH594628,EH648789
EH184355,EH463000
AG17878,AG17878
BY312801,BY108365
CW217889,EH257099
CN76400,CN76400
EF34376,EF34376
BN136185,BN214864
CW709183,EP79569
BX17808,DB76135
EH23138,EH23138
BZ30400,BZ30400
BN213847,BN213847
DP39560,DP39560
DX28040,DX28040
CE39583,CE39583
DB171980,DB171980
AW171625,AW171625
BC48419,BC48419
DR107151,DR107151
BE242398,AA134425
EH185142,EH508810
EH64000,EH119047
CW600101,CW627235
BJ30866,BJ30866
AA64736,AA64736
DL163967,DL163967
CR11458,CR11458
BT3403,BT3403
CW474413,CW474413
EG2234,EG2234
DL146214,DL146214
AZ13597,AZ13597
EF148700,EF148700
CW174124,CW200243
BY460666,BY460666
BN390152,BN390152
AL81928,AL81928
CW325234,CW220350
EH860066,EH860066
CW244324,CW244324
AM8864,AM8864
DB64713,DB16123
BE220125,BE220125
BW16951,BW16951
EH678240,EH678240
EH285666,EH342385
EH158099,EH158099
CM40018,AS44574
AC14305,AC14305
DR74611,DR74611
AN96055,AN96055
BL343367,BL343367
BG38369,BG38369
BN94693,BN125714
DL133882,DL88398
CE3580,CE3580
CG104565,DT71377
AL122952,AL122952
BR121723,BR121723
DE106390,BB92614
CW358645,CW358645
EH183186,EH183186
EH85900,EH85900
BY404156,BY404156
EH43675,EH43675
AB35129,AB35129
CC51772,BH80712
AM81910,BR164253
CW646525,CW646525
DT31559,DT31559
DL52908,DL52908
BY55264,BY55264
CW652333,BN155572
EH42503,EH42503
BN47700,BN16452
AN137567,AN137567
BY50694,BY50694
CB20228,CC75010
BR174571,BR174575
AG41908,AG41908
BN37767,BN37767
BE315167,BE315167
EH650370,DE150159
CW850338,CW656532
BE250104,BE250104
EF126057,EF126057
EH272252,EH351173
BZ45018,EH551265
EB63068,EB63068
EH338789,EH338789
BN76857,BN76857
BN120537,BN91491
CW490514,CW256472
EM26221,EM26221
BH71449,BG49802
BH56679,BH56046
EN55072,EN55072
CW863194,CW863194
BH28477,BH28477
BR141373,BR141373
EH167842,DE72527
EH66568,EH66568
BN128743,BN128743
BY193453,BY3823
DA64517,EH695612
DN10573,DN10573
DD107539,DD107539
DS20840,DS20840
EH460686,EH460686
CW868992,CW868992
DL215211,DL215211
EH487588,EH487588
CW338361,CW338361
AB31444,AB31444
BH82136,BH82136
DR75173,DR75173
BE327080,BE327080
BY255163,CC47827
AK45675,CC47827
CW888107,CW658789
DL168295,DL168295
CW331964,AA122447
BY251571,BY63887
EH405406,EH405406
BY407557,BY407557
DZ54938,DZ54938
BY209526,BY443708
CW765587,CW765587
DX51112,DX51112
BY164643,BY164643
CW180630,CW641325
AD8054,AD8054
CE37515,CE37515
AN23706,AN23706
AH6186,AH6186
BZ19918,BZ19918
DB91766,BD38840
BY37902,BY178792
BJ22258,BL238886
EH136174,EH82763
ED18218,ED18218
AA30180,DL68426
BE10640,BE5502
BN344316,BN344316
BY493666,BY493666
DW29227,DW29227
CW169440,CW169440
EH78459,EH78459
EH181641,EH181641
EM2588,EM2588
BJ21707,BJ21707
EH846821,EH846821
BY396143,BY396143
BY350191,BY384623
DE257904,DB304744
AW131012,EF73550
ED31139,ED31139
AG5741,AG5741
BR140747,BR140747
DL176281,DL176281
BL351743,BL351743
BG27244,BG27244
CW374919,CW374919
DD93753,DD93753
EH34682,EH34682
BE72871,BE72871
EH857728,EH857728
EH852999,BP50761
BE314083,BE314083
BR154987,BR154987
CH37707,CH37707
BN175115,CJ51007
BY415135,BY415135
BH141426,BH141426
AE28186,AE28186
BL218555,BL234970
CW211445,CW196237
BE60482,BE60482
BN9077,BN48002
EF9436,EF9436
CW868194,CW970301
DG32558,DG32558
BN93611,BH133372
BD27234,BD27234
AZ12721,AZ12721
DB170879,DB188518
CW93527,CW93527
AP17563,DE100221
EN53984,EN53984
CW897779,CW1165110
DK2147,DK2147
EH594628,CW630666
DP19865,CB17498
AD14902,AD14902
CW206292,CW867058
BG16493,BG16493
AA119873,AA119873
AN54833,AN89423
BL382339,BL382339
BD104092,EF147753
BE279844,BE279844
EP45938,ED12031
BL61932,BL61932
BY553360,BY553360
BE13042,BE35319
AM78655,EP79569
AS77803,AS77803
BH49457,BH49457
AA128483,EH1062461
EH268919,EH268919
EH764450,EH764450
BE292149,BE292149
DB75504,DB145018
DE197805,DE197805
AK111133,AK111133
EF21868,EF21868
BY100004,CN40463
DL41392,BL181245
EH439235,EH1296150
CL50461,CL50461
EM90907,EM90907
BY79795,BY79795
AK43691,AJ21310
BB4942,AP5300
CZ33891,CZ33891
AN123750,BL291777
CG37488,CG37488
BN251956,BN82630
DR33115,DR80099
DS93713,DS93713
ER24532,ER24532
BH92077,BH91754
CW868914,CW818598
BE142968,AN162821
BL354464,BL390173
BN330541,BN330541
BZ46437,EH353128
CW635585,CW635585
EF117863,EC12303
EH837123,EH837123
EH193036,EH193036
CW505128,CW505128
BY10463,BY10463
BH87203,BH87203
CH39139,CH39139
BN14453,BN19088
AN133379,DT18879
BD101688,BD101688
BL185013,BL185013
CN28055,CN22854
BY565890,BY565890
DR61455,DP32872
CW782135,CW808135
BM52696,BM52696
BH67877,BH67877
BN14324,BN30053
CW41367,CW41367
EP84427,EP84427
BR133684,BR133684
DE180066,DE180066
AM88588,AM88588
EH58420,EH223386
AX25343,DL131851
DL172176,DL172176
BP52605,BP52605
EH430695,EH430695
EH189547,EH418599
DT26343,DT26343
DP42482,DP42482
DE115500,DE179469
CW861535,CW861535
DR105588,DP33811
CC32237,BW53103
ER23499,EH546089
EB45771,EB45771
AN8303,AN75796
EH729951,EH729951
CC102217,CC102217
EH340144,EH340144
BE317653,BE317653
BN75487,BN27703
BN411797,BN411797
ED45044,ED45044
DY16519,DB120122
DL143657,DL126956
EH8682,EH8682
CZ78379,CZ78379
AR5603,AR5603
BZ29800,BZ73354
CN6530,AN35949
DX37732,CA59242
EH761124,EH761124
BE194769,BE199597
BH82326,BH122254
EG4961,EG4961
EH119119,EH119119
AA147905,AA147905
DS89363,DS89363
EH109588,EH709195
DL186086,CA102063
EH275832,EH275832
EM97274,EM97274
EG4631,EG4631
BE247214,CX11711
EH374077,AA141253
CZ61522,CZ61522
EH144818,EH379809
DL164521,BP40638
DF17126,DF17126
EF85480,BL145734
BL102176,EH353455
CW28795,AM3970
BY241382,BN266420
EH245926,EH245926
EH405746,EH405746
AL107078,AL44414
AK94412,AK94412
EH114415,EH114415
EP52414,EP42975
BN30927,BN44161
BY177213,BY110802
BL145396,BL519530
DL185733,DL98928
BH116748,BH116748
CG127452,CG127452
EH746206,EH746206
CW789275,CW789275
BW45122,BW45122
CG73565,CB26631
BN353478,BN353478
BN9718,BN9353
AB6618,AB27098
CB45732,DL94330
CY26130,CZ45347
BY123430,CN7750
BH92201,BH92201
BL125243,AA73257
CT34358,CT34358
DD114804,DD114804
EH618735,EH618735
BE245926,BE208276
BE121277,BE77699
BH42002,BH42002
EH53098,EH53098
BE98970,BE161476
DY23951,DY23951
CW865588,CW865588
DS21309,DS21309
EG4756,EG4756
DE122919,DE122919
EH761745,EH761745
AW70496,AW70496
BE63985,CW269085
EF104764,EF104764
DP13924,DP13924
DD20011,DD20011
EF116689,EF116689
BN365551,BN365551
BN378628,BN378628
BY470148,BY470148
BY79186,BY79186
EH344752,EH128937
EH329581,EH329581
CC91266,CC91266
DA89714,DA89714
CW348787,CW348787
EH114345,DE166035
BY215141,BY252396
DC11229,DC11229
EG24381,EG24381
BN76615,BN76615
EH334388,EH128392
CW451103,CW245383
AK42704,AK42704
CY29704,CY29704
EH702259,EH702259
AL105881,AL105881
AL100942,AD13445
AN101790,AN101790
CW498801,CW498801
CW366424,CW366424
BZ46216,BZ46216
DL146744,DL155848
AL79307,AL238128
EA21801,EA21801
BY306947,BY306947
CJ100556,CJ100556
CN75143,CN75143
BE240862,BE240862
BN117714,BN117714
CB60189,CB60189
CH38941,CH38941
BJ26238,AM45317
CG122430,CG122430
CA95846,CA95846
EH780478,EH780478
AK48759,AK48759
DS17357,DS17357
EN52499,EH551265
CW660237,CW660237
EH683064,EF127177
EH861955,EH861955
EH167122,EH467049
BZ25246,BZ25246
EH165365,EH165365
BN33380,BN151642
CK2197,CK10085
DE168981,DE206299
AN155794,BH144394
EP47191,AY43072
AL177112,AL177112
DF5191,BB25770
AA156759,ER30679
AG47444,AG47444
AN76437,BR97567
DJ7193,DJ7193
DL214942,DL214942
EN23482,BL252664
AY13262,AY13262
AW141826,AW141826
BN137549,BN137549
AN115708,AN115708
CC82047,DR82996
BR3373,BR3373
CW217865,CW377263
AW90921,AW75575
DL81279,DL76357
CZ8915,CZ8915
BY471274,AN128278
AK10289,AK10289
EH335148,EH335148
CE32227,CE32227
EH720083,EH720083
DT76283,DT76283
BY442514,BN207950
BE85149,BE115634
DL205670,DL205670
DX15553,DX15553
DD77441,DD77441
BN106735,BN106735
AW15202,AW15202
EH45018,EH45018
BM53171,CM75378
DE139938,DE139938
BL256825,EH207780
EH395905,CW871806
EM94219,EM94219
AL245764,AL245764
EH736747,EH736747
EH218522,EB39164
AL117540,AL117540
BY186640,BY186640
BY264798,BY3086
AL76461,AL76461
BN90905,BN90905
CW572635,CW572635
BY19927,BY172468
EH154317,EH154317
BE321625,BE321625
EF110069,EF110069
AL169567,AL146495
DE146164,DE146164
EH323635,EH229479
EA25897,EA25897
BN419352,BN226517
EH616346,EH300662
CW524187,CW524187
EH414549,EG31695
EM92475,EM92475
CH39632,CH39632
EH60833,EH60833
BM4854,BM4854
BZ5059,BZ5059
BY404026,BY404026
CW397297,CW1360361
BM23027,BM23027
EH439235,BN207950
EH620174,EH620174
EH873657,EH873657
BY133932,CZ15969
DX51630,DX51630
EF163522,AA48493
ER33863,ER33863
EH876039,EH876039
CP6916,CP6916
CW261848,DH43685
BE54357,BE114984
CW538757,BR114762
EH132475,EH132475
CM37630,CM37630
BL71522,BL401906
DN112042,DN112042
AW144477,AW144477
BL351761,BL351761
AK109922,AK109922
BW6952,BW6952
DR69818,DR69818
EH636931,EH636931
BL344566,BL519530
EF127177,DB139738
CW101126,AS23059
BY560397,BY560397
DR73982,DR73982
CH29847,EH697975
EH447455,EH447455
BP39580,BP39580
CW434727,CW370101
BY553000,BY553000
EA23743,AM57466
CX9037,CX9037
CJ22877,CJ22877
CW845236,CW845236
CN69442,CN69442
EN47834,EN47834
CW866961,CW866961
AT22862,AT22862
BH77616,BH77616
EH748423,EH748423
DN83466,DN83466
DE230772,DE230772
EH589041,EH589041
EH56667,EH56667
CW611190,BL288215
DR94373,DR94373
EH212802,EH212802
BY567433,BY567433
BL167111,BY430732
AN42811,AN42811
BY120640,BY12926
BL250264,BL250264
BN72313,BN45007
DY13641,DY13641
AM49513,AM49513
BR149116,BR149116
BE226760,BE226760
AK62206,AK62206
CW105723,CW105723
AX50415,AX50415
EH836212,EH451551
AL5730,AL5730
EA35207,BN319948
AR5149,AR5149
AS71016,AS71016
BR87824,BR87824
CT14529,CT14529
EH613034,EH270737
DL190561,DL190561
BR150786,DL284649
DN82426,DN82426
DB174899,DB174899
DB113413,DB113413
DE187766,DL182975
CW479329,CW354292
AG42145,AG42145
AN15380,AN27303
EH621903,EH621903
EH58420,EH58420
BR72932,BR72932
BE255086,BE255086
DE8119,DE12494
EH78578,EH78578
DE261295,DE261295
CC72304,CC13740
BN155942,BN155942
BD49912,BD152104
BR152752,BR152752
CG34313,CG34313
BE243810,BE243810
CW251993,CW184049
BM16057,BM16057
EH95662,EH343267
DP35678,DP35678
CW681584,CW681584
BF5362,BF5362
CS15465,BN252255
DR9956,DR9956
EH858349,EH858349
AN103428,EF49760
CW253807,CW253920
CJ39446,CJ39446
CT8588,CT8588
AE20894,AE20894
AA136770,AA136770
BN207339,BN87394
CW151034,CW151034
CN68591,CN68591
DB204977,DB204977
DB146664,DB28751
EG42944,EG40610
EL34998,EL34998
CG25517,CG156112
BN321948,BN321948
AS19110,AS19110
BE2804,BE260508
EH386905,EH386905
EP69582,EP69582
BL204355,BL204355
CW634326,CW382036
EF128646,EF128646
BN7743,EH151470
BY426329,BY23566
BL344703,BL344703
BH83522,BB49478
CW400690,CW339745
BE245123,BE419562
DD28753,CW223540
CJ140447,CJ140447
CC67706,CC67706
BN65679,BN65683
EH241369,EH441219
BD48681,BD48681
CH25993,CW737373
BY408843,BY311835
BL71575,BL90887
BY500990,BY500990
BY422842,BY422842
CW247695,CW247695
CJ106840,CJ106840
CY28025,CY28025
CW348842,CW388485
CZ45247,DN44293
EH426949,EH426949
AP64493,AP64493
DK17567,EH1307303
DY15872,DY15872
DD35156,DD35156
BZ42573,BZ42573
EH462492,EH537045
AB37048,BL314163
AB17264,AB17264
CW639923,CW639923
BH40777,BH40777
AW93940,AW93940
BY18655,BY7904
BL122660,BL50537
EH293531,EH293531
BZ45559,CA102063
ER22470,BM39077
DL122696,BY430732
BR153521,DT91133
CS15465,BH91934
BR171663,BR171663
EH796546,EH758386
DK29970,DK29970
DP8735,DP8735
DL175646,DL175646
BH133372,BH133372
BA8631,BA8631
AB7920,AB7920
EM57420,EM57420
DD108870,DD108870
CW793715,CW793715
EH326394,EH326394
AN31267,AN83831
CW316187,CW316187
BG15788,BG15788
BE217497,BE217497
EH144982,EH258485
BK27357,BK27357
EH420160,EH444305
CP34758,CP34758
DL168699,DL57444
CR24191,CR24191
DL210988,DL147663
EN45941,AN70538
EP82069,EP82069
DJ9396,DJ9396
CH47779,CH47779
BP32939,CW685847
EH759672,EH759672
CR6119,CR6119
CW860786,EF127177
DL41216,DL259451
DA100878,DA100878
EH323868,EH323868
DG40008,DG40008
AA142046,AN51713
EL41492,EL39944
BY133332,BY156422
DD123510,DD123510
DA54211,CW486443
CG40184,AL105066
EA35999,EA35999
BR24048,BR24048
CZ15752,CZ15752
CC50214,CC19417
AN136721,AN136721
BD43918,BK7389
BY79388,BY18389
EH483739,EH483739
AP71397,AP71397
CC72321,CC72321
BM52159,BM52159
EH763703,EH763703
EA44209,EA44209
AP57234,DT91133
AW103964,AW103964
DD45189,DD45189
AN149444,AN149444
EH454878,EH454878
EH227956,EH255817
AW108472,AW108472
DB202757,DB202757
DL67239,DL67239
DH3736,DH3736
CW902187,CW520122
BE58521,BE48126
DY12848,DY12848
AW184484,AW184484
BN283834,BP16411
DN76327,DN76327
CD21742,CD21742
DE207366,EH285113
BY568231,BY568231
CW523357,CW559175
DD39388,DD39388
DE4661,DE23786
EH609458,EH609458
BL49548,BL49548
CG132962,CG132962
BN74249,BN74231
EH250847,EH250847
CW296489,CW642630
BE316779,BE264121
CN49414,CN49414
EH142311,EH142311
EH10777,EH10777
AW124578,AW124578
BK20084,DB198308
BL205684,BL205684
DZ8392,DZ8392
BR62487,DE68424
CP38478,BP68512
BM55025,BM55025
BH144395,BH144395
CW652333,AM6199
EH195931,EH195931
BN413011,BE216616
BX17283,BX17283
DZ46468,CJ67028
EH807021,EH807021
BY159104,BY159104
BY512181,BY754445
ES13786,ES13786
DA64517,EH493601
DL33566,DL14394
DB154954,DB154954
BY209354,BY137191
EP17842,EP44247
CM40018,BR170700
DC21703,DC21703
DX33134,DX33134
DE213171,DE170948
EH510575,EH510575
EH108879,EH108879
DL83267,DL99687
CM49534,BN190740
BB13604,BB13604
DE211181,DB123064
AP72736,AP72736
DD112473,DD112473
BC2312,BC2312
BD100592,BD100592
BJ33790,BJ33790
CJ116483,CJ116483
DN26849,DN26849
CW268594,CW268594
CW897160,CW268186
CW878908,CW878908
CW86353,CW86353
EH788088,EH775272
CY2095,CY2095
BN374594,BN374594
BZ51759,BZ51759
CW15404,CW15404
CM37831,CM37831
AN131244,AN131244
DB2512,DB230673
CW687534,CW687534
DD72867,DD67149
AL160567,AL160567
CW864307,CW1075508
AW64501,AW64501
CW130775,CW130775
CD22398,CD22398
EH282914,EH282914
EN24072,EG19656
EH43572,EH43572
DD28892,DD28892
EM85422,EM85422
EH334300,EH334300
BN171870,BN112388
CW858272,EF92968
EJ3328,BN162041
DR66108,DR66108
BN373040,BN373040
BY490550,BY418997
BE123081,BE123081
CW709183,CK12628
EH232636,EH232636
BN73473,BN30053
CA87726,EF141783
DB141366,DB141366
AL212178,DD110935
CG96911,CG96911
BZ10730,BZ10730
CN76083,CN76083
AP40606,BP16411
BN123899,DL42098
EH285015,EH181518
BE195089,BE195089
EH805878,EH805878
BE226064,BE414301
AN163881,AN163881
AN155794,AN155794
BM17982,BM17982
DC12457,DC12457
BN333889,DZ48735
CW902187,CW217257
CC22369,CR31441
EH331262,EH331262
DA25713,CW387044
EH874774,EH874774
BD117508,BD117508
EF145780,EN61433
BL380208,BL380208
CW626289,CW818609
EH155351,EH287379
BY173470,BY140373
BR130421,BR130421
AM90124,AM90124
EN24315,EN24315
CM3709,EJ11302
CE31798,CE31798
CW832146,CW832146
BZ55007,BZ55007
AR11546,AR11546
EH486676,EH548831
BE79854,BE210326
BE276442,BE276442
BY175439,BY211609
DB228655,DB228655
DD54794,DD54794
EH564539,EH564539
DT78360,DT73228
EH872962,EH318174
EF99347,EF99347
BN283834,BN223566
CC120095,BB89700
CW677062,CW677062
BY441251,BY461235
EB51058,EB51058
EH117943,EH94346
BL248231,BL248231
EM92165,EM92165
CW419265,CW419265
EF63234,BH119789
BY379177,BY379177
AD5645,AD5645
BR143174,BR143174
CW109425,CW1351737
DE261951,DE261951
CW388602,BY202924
BL3083,BL116214
BY75612,BY75612
BE325890,BE325890
EH426774,EH426774
EH36826,EH894288
CJ32534,CJ32534
DR44896,DR44896
AA142046,AN56330
DE130417,BW25266
BN310715,BN310715
CC106489,CC26326
BN340423,BN340423
AL204683,AL204683
AK104572,AK104572
BE53766,BE53766
DE161340,DE161340
DE104675,CC45346
AL176440,AL124276
EH67261,EH67261
AK59444,AK59444
EH30542,EH30542
EB63859,EB63859
DT81022,DT81022
AL49013,AL49013
BN407349,BN407349
EM35892,EM35892
DY16283,DY16283
EF115166,EF115166
CM24302,BP16411
DL88800,DL88800
DA20525,DA20525
BZ13525,BZ13525
CW513384,CW445648
DN94764,CM75378
CJ41973,CJ41973
BL250255,DE151863
CB45732,DT71377
BE161471,BE131533
CT44651,CT44651
CG9212,CG9212
BJ15320,BJ15320
DR33115,DR33115
CH37948,CH37948
DS39280,DS45270
AH16399,AH16399
BR79084,BR79084
AS56876,AS56876
DL50449,DL50449
EH768954,EH768954
EH314200,EH314200
BN103086,BN302065
EP6818,DL76766
DL128347,DL128347
EN14178,EN14178
BN4956,BN56230
CW355050,CW508873
CW497804,BL249403
BG9303,BG9303
EH852999,BL201816
DZ6492,DZ6492
EH95405,EH95405
EP61461,BB49478
AA164852,AA164852
CW477594,CW477594
EH755313,EH755313
EH360890,EH360890
EH280060,EH280060
BN15194,BN44000
CW209296,CW209296
BY229997,BY101730
EP79860,EP79860
DB191263,DB6482
CW651425,CW651425
DN85177,DN73029
BY564930,BY441056
EH20431,EH20431
DE167976,BB58124
DE70868,DE32631
BL265991,BN347468
DZ33055,BY77625
EF111594,EH673073
BP3449,BP3449
AW181662,AW181662
EP10220,EP77064
DL6850,DL6850
BH80229,BH80229
BH119870,BH119870
CW771154,CW771154
CG132142,CG132142
BL377272,AX24963
EH494685,EH494685
CX5941,CX5941
CW685694,CW685694
EG12712,EG12712
DR98206,DR98206
BN250292,BN250292
AT24133,AT24133
ED44183,ED44183
BL288195,BL288195
AP81114,AP81114
BD58453,BD58453
CW631789,CW631789
BY212613,BY212613
AN142108,EL72951
BR79949,BD66962
BR134917,BR134917
BE264408,BE341324
BM31594,BM31594
AN143590,AN143590
CW198401,CW106406
BL150687,BL150687
BY167256,BY167256
CW259281,CW1078268
BY563639,BY563639
BY216168,BY313113
EH744088,EH744088
AB36022,AB36022
DB220819,DB274523
AN149227,AN149227
AY20703,DX42080
EH290552,EH290552
BL291754,BL291754
BY236264,BY335634
DL26996,DL26910
EM97506,EM97506
BY10135,BY10135
CM51284,CM51284
BB66666,BB66666
CW332323,CW422606
EH680489,AN128278
DB131515,EP29500
AH17593,EH601683
CW466720,CW917092
BR134096,BR134096
CN47579,CN47579
DT119961,EB78820
CP30140,CP30140
BW38870,BW38870
BG42868,BP47250
CE12242,BL217449
BY522985,BY749891
BZ17696,BZ17696
CJ136595,CJ136595
EH368869,EH368869
CR16057,CR16057
DN96579,DN96579
BL203013,BL144009
DS100135,DS100135
CW292798,CW700831
BN225655,BN361609
CW174497,CW174497
DX43061,DX43061
CG33117,CG33117
AW125307,AW125307
BY442514,EM42835
AW155558,AW155558
ER24938,ER24938
BL140955,BL14967
BN68104,EF109056
BY395889,AT23119
BN407764,EA40646
AP63243,AP63243
CJ9435,CJ9435
EH221425,EH221425
EM30412,EH190714
EN45941,BY414586
BE158285,BE158285
EH568913,EH407664
DD52315,DD52315
AN39148,AN39148
CW167909,AA37783
AA79072,AA79072
CT10969,CT10969
CW302339,EH255556
EH653801,EH653801
BZ19108,BZ19108
EM75214,EM75214
CW432133,CW432133
DR108593,DR141591
BJ26022,EH218246
EH359372,EH388072
DT29933,DT85462
AZ10792,AZ10792
DT36752,DT36752
EH405284,EH1280767
EH699102,EH699102
EH859910,EH507302
CJ22160,CJ22160
EH435021,EH435021
BL222380,BR37555
BG8707,BG8707
DE129592,DE129592
EH60606,EH60606
EH650370,AP88730
EB37232,EB37232
CW2705,CW2657
ED23531,ED23531
DT127428,DT127428
BR154913,BR154913
AX44330,AX44330
BL300246,BL300246
BL13471,BL13471
DD52359,DD64621
CW844497,CW844497
ER34329,DW47818
DL143657,DL94330
EH32877,EH32877
DT30675,DT30675
DT79666,DT79666
EG12168,EG12168
EH68334,EH68334
BN220320,BN179140
DB218028,DB130902
EN52499,BY751832
EF75537,EF69181
BE77628,DL16657
DR6429,DR6429
DN114751,DN114751
EH334388,EH334388
BN33380,BN76256
AS75689,AS75689
DT59809,CH32503
CZ75279,CZ75279
AM34130,AM42548
BN28116,BN63958
AL72001,AL71663
CZ20532,CZ20532
BE304405,BE304405
AA156759,BB49478
AK90067,AK90067
CW684586,CW521312
BL346603,BL346603
AW150712,AW76361
DD62955,BP25515
CA84376,CA84376
BL31478,CW112866
DD14057,DD7220
EH380103,EH380103
CZ50180,CZ50180
EP28941,EP28941
CA88205,CA88205
ES16060,EL65680
BX13848,EH105134
DB69329,DB197748
BN322055,BN322055
CW388485,CW391129
DD120151,DX46676
BM55910,BM55910
CM15394,CM15394
BL268057,BL268057
BL387862,BL387862
DS96806,DS96806
BE70938,BE70938
CG9418,CZ101539
EH749921,EH749921
EH769602,EH769602
BY491681,BY491681
DX48829,DX48829
EH578412,EH182995
BN8013,BN67526
AB35261,AB35261
EH840390,EH840390
AX4297,AX4297
CG120518,CG120518
DS89411,DE239868
AJ32540,AJ32540
EF36792,EF36792
DL111804,DD70011
BY372715,BY306827
AN12742,AN12742
CC89170,CC89170
DE168329,DE168329
EH313431,EH313431
DN96792,CJ58839
EH633359,EH633359
CW224176,CW641074
CW700528,CW700528
BY81617,BY81617
BN201017,BN491712
BN355946,BN355946
CW413965,CW1031753
BM4597,BM4597
BN47871,BN28696
BY566423,BY566423
BY305214,BY305214
EH566103,DZ76889
AX42773,AX42773
DN118572,DN118572
BH61809,BH61809
DT87869,EF67083
DE112961,BB49478
CW889895,CW889895
DX18804,AD2079
BN68925,BN68925
EH96542,EH96542
DB200590,DB200590
CB72867,CB72867
BE15236,BE118004
BY464746,BY464746
AY19209,DN63705
AC13059,AC13059
EH642628,EH642628
EH215164,EH274777
AA128760,AA128760
ER25492,ER25492
BN52312,BN52312
DD139768,DD139768
BE93395,BE93395
AG37919,AG37919
EM52298,EM52298
AX6422,AX6422
AW25706,AW72937
EH23938,BX9609
BE313729,BE313729
CW489343,CW489343
BN272142,BN272142
DE67099,DD52494
DL164263,DX51750
BN77761,BN77761
BN3144,BN15354
EA17706,EA17706
DS89428,DS89428
EH79643,EH79643
AX45955,AX45955
EF140995,EF140995
BL108379,BL84945
CG132834,CG132834
BY559653,BY559653
CM48733,CM48733
ER22470,CC116134
BY514937,BY514937
CW273693,CW331661
AR10005,AR10005
DB63435,DB129185
EA37648,EA37648
BL351281,BL351281
BL343839,BL343839
AA158419,AA193906
EP52510,EP52510
AY34336,AY34336
BN5808,BN7759
EH778902,EH778902
EP22772,EH183663
CC41830,CC41830
CW539907,CW51581
CW222614,CW755597
EH278930,EH278930
DL22415,DL56269
AD24526,DP39887
CW278975,CW237330
EH25865,EH25865
BN318929,BN318929
EH770749,EH770749
EH203555,EH203555
CW9771,CW9771
CW469501,CW469501
BR137255,BR137255
BL172638,EH1180751
CW379522,CW1012214
DX8957,AK24017
AG12667,AG12667
CW364214,CW364214
BN48365,BN45007
BY557491,BY557491
CW645611,CW645611
EF22216,EF22216
BY328536,BY328536
EH36433,EH122471
CN13552,CN13552
CW273387,EH97886
BL255593,BL255593
DB104083,DB104083
AX6218,AX6218
DR19246,DR19246
DB198630,DB198630
CW438746,CW438746
BY295851,BY165717
EH760276,EH565073
EH567252,EH567252
CW463083,CW336815
EH529607,EH529607
ES5009,ES5009
CW394492,CW394492
AL248929,AL248929
EH73812,EH84506
DR60122,DR134796
EH328151,EH328151
AN7937,AN7937
DD15232,DD15232
BN98399,BN98399
EH735696,EH324729
DE113858,DE117557
BY310207,BY461787
AM89136,AM89136
EH757095,EH757095
EH19153,EH19153
BN128371,BN141316
EH111367,EH111367
BL128124,BL128124
DR74861,DR74861
CW682124,CW1375917
CW602833,CW531882
EJ25463,EJ25463
EH776956,EH776956
AP70288,AP17901
DT112929,DT112929
DZ33055,AL82970
EH312474,EH312474
BN77949,BN77949
CW144970,CW144970
BL119530,BL119530
BY145243,BY165257
CA50413,CN22386
BL224218,BL341994
AA88614,AA88614
BE93759,BE93759
BW40521,DD141811
BW38827,BW38827
DN30154,DN30154
CW30928,CM19437
BA5494,BA5494
BF22792,AY38104
DT74048,CW492873
CW897440,CW897440
AW152367,AW152367
EH189753,EH50034
CS13146,CS13146
BN237255,BN180049
EH466500,EH466500
AN32165,AN32165
EA39899,EA39899
EH204819,DE4980
EH418066,EH187909
DE180104,DR105825
AA45122,AA45122
DL216173,DL216173
DG52176,DG52176
AA148398,AA148398
CW283011,CW1235666
AA86510,AA86510
BP39298,BP39298
DR108739,DR108739
CW489977,CW229087
AT6155,AT6155
ER22565,AL342525
CJ84596,CJ84596
CC120307,CC143211
EL40237,EH546089
AC5101,AC5101
BL185443,BL262395
DY29798,DY29798
BY519264,BY519264
CZ20943,CZ20943
EH124996,EH128392
CW293570,CW142388
EH32435,EH32435
AM83427,AM83427
CW434731,CW426218
CG54390,AL71545
CG88741,CG88741
BY473846,BY473846
CB47963,DM7513
EP71983,AN29137
DE225617,DE225617
BB6652,BB6652
DB41935,DB41935
EH718993,EH718993
DL192067,DL192067
BY251707,BY78103
AN123779,AN123779
DE167062,DE167062
AM36176,AM36176
AN105170,EM42835
CM49748,CM49748
CW4465,CW4465
DP19865,BY549642
DB190426,ED22956
BN14324,BN25084
CW489237,CW787511
BD18950,BD18950
DW32388,DH43685
EH798923,EH798923
EH193196,CW632532
EH643822,EH643822
CW182029,CW794809
CG80616,CG80616
CJ126208,CJ126208
EH178403,EH178403
DD110595,DD110595
CW44990,CW408601
BR52560,BR52560
CZ61584,CZ61584
EH434112,BL259687
DS79255,DS79255
BL330700,BL330700
EH49640,EH49640
BY263631,BY263631
DG9526,DG9526
BN57653,BN3388
EH846395,EH846395
EK5263,EP9002
EM46439,EM46439
DG46029,DG46029
EH112591,EH203567
AL41975,AL41975
AK87706,AK87706
CW231002,CW235608
EH696879,EH696879
CN72168,CN72168
DN72708,DN72708
EH209303,EH209303
EH184436,EH184436
CW784731,CW784731
BY351330,BY351330
EH626782,EH626782
BL151748,AW65301
CW186736,CW186736
EF122616,EF122616
CW200589,CW211647
AX46198,AX46198
EM77514,EM77514
AL87609,AL87609
BE300127,BE300127
BN383005,BN383005
CW895719,CW463247
CW581319,AN128997
DE70197,DE62661
AN156968,AN156968
EH485793,EH485793
AJ38131,AJ38131
ER8974,ER8974
AG40613,AG40613
CG39836,AN78644
BL3734,BL3734
DD110560,DD110560
CW48072,CW48072
CW587936,CW140065
CM42817,CM42817
AK42942,AK42942
DD128556,DD128556
BY504684,BY504684
EH706591,EH706591
DN126780,DN130133
AN5453,AN87839
DT38781,DT38781
CW862567,CW862567
BY347067,BY410372
EH381091,BL277746
BR158956,BR158956
DL19669,DL20735
EL16022,EL16022
EH186533,EH186533
CC101911,CC101911
EC4052,EC4052
CW558892,CW395382
AX44559,AX44559
DN127595,DN127595
EH712102,EH712102
CD20517,CD20517
AX13567,AX13567
EH459512,EH459512
EH145544,EH145544
BH109818,BN353478
DD117732,DD117732
CW72519,CW888607
AA149171,DL214926
BY133821,BY144123
EH493948,EH493948
DY29176,DY29176
CR25256,CR25256
EM22496,EM22496
BL72455,BL72455
DR105588,EH1108406
CW563214,CW563214
DA54211,EH384210
EH246083,EH246083
BE122447,BE140151
EH22445,EH22445
AK31795,AK31795
BE290873,BE290873
BN69119,BN54832
BY170510,BY120945
BE262849,AL268141
CH7759,EL65680
BY88215,BY42724
CJ70220,CJ70220
BY558335,BY558335
EF141895,EF178945
BY106349,BY420841
AL245904,AL258726
BY320404,BY320404
AM81204,AM81204
CG79762,CG79693
BR55647,BR55647
AN100300,AN100300
BY560293,BY492455
AW181260,BL340145
CW252893,CW252893
CW685395,DL182020
BN45524,BN45524
AA137464,AA137464
DB190426,DD99189
AF2559,CY12915
CG107753,CG107753
BN378591,BN378591
BN318458,BN318458
EF60065,EF60065
AX26121,AX26121
BD74853,BD74853
DT114130,DT114130
CW473734,CW52778
BN270500,BN270500
DP25377,DP25377
EH56486,EH56486
CW511026,CW511026
EK7168,EK7168
DE157865,DE157865
AB18435,AB18435
BY185527,BY624488
DE255551,DE195605
CW404546,CW404546
DN50936,DY22362
DB169186,DB169186
BY308298,BY347278
EF50524,EF50524
EL33580,EL33580
CW101037,CW909829
CW805055,CW922573
BR45765,BR45765
DR73681,DR73681
CW873243,CW873243
EH539344,EH539344
DE141068,BL237547
CD4759,BY45127
EF117840,EF117840
BY246442,BY246442
AG9597,AG9597
CW456289,CW456289
CB47745,DB120122
AN129152,AN129152
BN289908,BY474240
BR168122,BR168122
BY414520,BY414520
DK28956,BL533995
CP37311,CP37311
DH4448,DH4448
CM39591,CM39591
DB227894,DB227894
CW381263,CW1202475
CW274523,CW170071
DL164902,DL164902
DP41364,DP41364
BN362668,DA86983
BW51353,BW51353
DL134326,DL134326
CW640260,CW640260
ES3009,ES3009
AA166290,AA166290
BH17555,BH17555
BE32632,BE222168
BL319720,BL319720
EH776358,EH776358
BY327127,BY327127
CL31571,CL31571
DL59155,DL59155
CM24302,DB120122
EP77790,EP77790
BL300067,BL300067
BL311230,BL311230
AA104169,BN315935
BG42791,DD107539
EL40288,EL40288
AN90639,AN90639
BY443661,BY329851
BN47702,BN47702
CB58012,CB58012
BF25021,BF25021
EH292492,EH292492
BN381847,BN533582
CW318248,CW675295
BG5318,BG5318
BY320876,BY320876
BL368125,BL368125
BL238376,BL238376
BR147015,BR147015
EH14990,EH14990
BN129626,BN129626
EJ25707,EJ25707
CW221746,CW1108119
BE73353,BE115634
BE325020,BE325020
DW12856,DW12856
CC107467,CC107467
AL198072,AL198072
AX14358,AX14358
EH395375,EH398572
DB204847,DB204847
AW102232,AW102232
BW6478,BW6478
CW188189,CW340513
AW40284,AW40284
EH840726,EH840726
AL98446,AL98446
CW114776,CW451161
DR81870,DR81870
EF112323,EF112323
BL55110,BL152036
BN415113,AT15543
BY166556,AN130042
BY72050,BY72050
BB62202,BB62202
BP22538,BP22538
CW690694,CW698307
EP70815,CZ68930
EH186583,EH186583
CW257862,CW257862
CW902737,CW902737
DH49646,DH49646
BR149670,BR149670
DR111203,DR111203
BY32010,BY32010
DP46396,EF109801
BN146692,BN146692
DL99316,DL99316
BN36439,BN36439
BM48705,BM48705
DL92451,BL171630
AN61738,AN61738
CT46144,CT46144
EH214119,EH214119
DL164263,BY69983
CW884726,CW884726
BY362241,BY362241
BD64478,BD64478
BY77061,BY47049
CW150776,CW150776
BN395280,BN395280
DX5625,DX5625
CW98549,CW54468
DR78211,DR78211
CW437686,CW352353
EH136282,EH136282
CW902135,CW902135
DA36262,DA36262
BR65461,BR236972
EM5909,EM5909
CS18431,CS18431
CZ35892,EM2986
DZ31059,DZ31059
EH414984,EH318174
CT36563,CJ28703
EH877270,EH877270
BN39218,BN31736
AE7716,CM42542
DE146680,DE84435
CP32369,CP32369
BY565320,BY121997
DB206590,DB206590
AW179535,AW179535
DE217595,DE217595
BY162695,BY162695
BN217230,BN217230
CW241729,CW241729
DE141068,CD15887
AN79555,AN79555
CW850159,CW850159
DE119361,EH510257
EH152228,EH322660
DR98813,DT168516
CW365647,CW200043
EA23743,CK12628
EH296345,EH144714
BY416557,BY416557
ED17472,ED17472
EH772269,EH772269
CN52833,BJ15773
CW288750,CW288750
DT65116,DT65116
AH18521,AH18521
CB27403,CB27403
DB14585,DB14585
EF92884,DZ52037
CW769008,CW975619
BH95680,BH95680
BN296706,BN296706
CW206232,CW895852
AL109525,AL109525
EH240780,EH240780
DB157995,DB157995
EH307925,EH307925
CB53414,CB53414
DL193686,DL193686
DR90147,DR90147
CG7342,CG7342
AX42825,AX42825
AD11120,AD11120
BN84037,BN122364
BN287100,BN287100
BM42327,BM42327
EH177250,EH177250
AG13163,AG13163
AA146457,AA115560
DT52105,DT52105
BE241491,BE241491
CW879940,CW753619
BR156014,BR156014
AL28329,AL28329
DB65621,DB65621
BS11681,BS11681
CE22811,CE22811
BN262519,AW106122
CW297957,CW334271
EH671035,EH255144
CW557791,DE154116
BY529899,BN419407
BN183656,BN139751
BL203120,DE235340
BN26997,BN61792
BE326252,BE326252
EH853198,EH853198
BK15570,BK15570
AN38634,AN219443
ES16060,DB101187
BZ22584,BZ22584
CW387787,CW1276228
EP67826,EP67826
BY300379,BY429987
DJ2066,DJ2066
BN76171,BH77616
CG62232,CG194111
EH767260,EH767260
AX32380,AX32380
BN384479,BN384479
DR9484,DR9484
EH74299,EH74299
BZ28167,BZ28167
BL322965,BL322965
CD21724,CD21724
EH596802,EH596802
CW665064,CW665064
BL111528,BL111528
BR168280,CW984451
CW757360,CW757360
DR14997,DR14997
DB207069,DB207069
BY298339,BY255442
DD29741,DD29741
DR79170,DR79170
DL94077,CL56405
EF158674,DR61455
AA138993,CW715378
CW120490,CW120490
BY502563,BY502563
DS13562,DS13562
DE11747,DE11747
DD11718,DD193149
DB188900,DB188329
BN388671,BN388671
CG56441,CG56441
CW240896,CW600752
DL32313,BE19298
CW898011,CW898011
CW490977,CW1336896
EH468578,CL56405
BL164151,BL164151
BL250264,BL328946
DL202094,DL202094
BE290360,BE290360
EH841431,EH841431
EL65588,BC64602
DB231113,BC64602
BW23286,BW23286
AS68327,AS68327
DL34983,DL34983
AZ13039,AZ13039
BN367302,BN367302
EH74666,EH74666
BY125544,BY125544
CW155513,CW310651
DB218989,DB218989
EP56498,EP56498
BL32193,BL32193
EH346456,EH346456
EK5823,EK5823
BN37048,BN37039
AG49228,AG49228
BY255478,CW201868
DY19054,DY19054
AM63738,AM63738
CC88241,EH323442
BX17910,BX17910
DE262937,DE262937
DS91556,DS91556
AK49367,AK49367
AM58011,AM58011
CW793971,CW793971
AA146634,AA146634
AA14837,AA14837
EM93108,EM93108
BN24779,BN24779
BC42131,BC42131
BY430845,BY42724
CG130762,DE202389
EH492982,EH492982
BY59832,DN107072
AW164246,AW164246
EH330480,EH1154541
CG16379,CG16379
BZ8959,BZ8959
BY503475,BY503475
BE317309,BE317309
DL97290,DL97290
DE259058,DE259058
DJ7933,DJ7933
EH446052,DA59654
CN67839,CN67839
EH198412,EH198412
EG11052,AP6842
CC44459,CC44459
EG49847,EG49847
DY16874,AL98652
DR21433,AL14314
DT34064,DR11688
DB232390,DB232390
AJ34229,AJ34229
EH668413,BY469400
DP37790,DP37790
CW124345,CW1269815
BM53171,CN55919
BY480862,AN81201
CW884500,CW884500
BE277164,CP26734
DH2317,BD69656
DL128015,DL128015
BR88516,BR88516
EH107105,EH107105
CA94384,CA94384
BN30927,BN36879
BY180972,BY106475
DE148496,DE174688
CW805590,CW996384
EA30137,AE4842
BL216211,BL216211
AJ24261,CC21273
CW869324,CW869324
BN3957,BN3957
CA68843,CA68843
BY132115,BY132115
DJ9096,DJ9096
BY185780,BY177656
BH66611,BH66611
CE18304,EG24375
DL212587,DL212587
EG14345,EG14345
BL318240,BL318240
EH667698,EH667698
EH185148,EH185148
AM18329,AM18329
CW457315,CW457315
ED40152,ED40152
AM78655,AL268141
EH324838,BL201816
BZ49035,BZ49035
EH65397,EH7696
EH276697,EH1296526
DZ51407,DZ51407
CW224090,CW224090
EH738530,AN137735
BR174083,BR174083
CW841214,CW841214
BN262545,BN262545
BM18101,BM18101
AN130882,AN130882
CW666573,CW1324712
CS26481,CS26481
DE229705,DE147752
CW210233,CW248570
EH11432,EH11432
BN43647,BN43647
CC90300,CN55919
BE75924,BE112991
CW774514,CW774514
EH294547,EH294547
CW221282,CW917092
BN409834,BN409834
CG120991,CG120991
EH460176,EH460176
EH184030,EH184030
EH257392,CN46956
EH754253,EH374608
CW840781,CW840781
EH268909,BL152036
EN34136,EN34136
AN97874,AN35251
CA94152,CA94152
BY501854,CW1292721
BM5637,BM56742
EH628852,EH220534
BK20591,BC54437
BY490550,BY275498
CG93062,CG37201
CG10330,CG10330
EH96624,EH96624
DX4722,DX4722
BY200677,BY30981
CW658601,CW658601
AA142046,DB61101
CA33112,CA33112
BB25246,BB25246
BG40559,EH711267
DB234829,DB234829
BH93467,AA155475
CW295595,CW1360361
BL55113,BL116073
EH171974,DT35257
BN312726,BN312726
CW858340,CW858340
CW125833,CW909829
AN158802,AN51713
EL54595,EL54595
DT89919,DT89919
BY121546,BY121546
EB60092,EB60092
BN248251,BN248251
EH42324,EH42324
DE238134,DE238134
EH58420,EH204256
AL180274,AL180274
EH204819,BH36913
EH788088,CA102063
DE22111,DE22111
BN357108,BN357108
EF158045,EF158045
AB23545,AB23545
DT106239,DT106239
EF73641,EF73641
BL62385,BL62385
EF106301,EF106301
DT74048,DB120122
CW870354,CW870354
AW152065,AW116129
EH138175,EH138175
BR154780,EL66859
EH595815,EH595815
EH101096,EH101096
AB33124,AB33124
BE146361,DP32872
AA10185,AA166668
AL75577,AL75577
EH345714,EH345714
DL113421,DL94704
BE97801,CZ28821
DL11273,DL2486
EM52334,EM52334
BN52581,BN52581
CG7114,CG7114
AN126288,AN89785
CE9582,CE9582
EG38709,EG38709
EH496532,EA4714
BE283803,BE283803
EH786513,EH786513
BL382764,BL333180
CJ55669,BY237261
CN68705,CN68705
AB31587,AB31587
CW833526,CW833526
EH792348,EH792348
CH2628,CH2628
DE170788,EH529475
BP51608,BP51608
ES16060,BL191617
CJ27911,BJ9913
EH93403,EH653063
BN41268,BN60102
DT14694,DT14694
DB232402,DB232402
EH703320,EH703320
BE312755,BE312755
AH5020,AH5020
EH342891,EH342891
AG50960,AG50960
CN67255,CN67255
EF75090,EF75090
BE243213,BE243213
DB110580,EH66080
EH858226,EH858226
AS57716,AS57716
BL23437,EP9569
BN49325,BN25084
DA63674,DA63674
BE19174,BE151209
DY5118,DY16515
CW332323,EF88420
AK87375,AK87375
BN313647,BN313647
CW172616,CW214062
EH199801,EH199801
EH861221,EH861221
EP61461,EH274777
EM91616,EM91616
AP73898,AP73898
AS28226,BL179300
DP14891,DB119376
EF50895,CL24064
DN2834,DN2834
DG30635,DG32733
BL360354,BL360354
AG50232,AG50232
CW623886,CW623886
BE289745,BE289745
AL104173,AL104173
EH40293,EH40293
CC99689,CC99689
CA56221,CA56221
DD93414,DD93414
EH872142,EH872142
CW795880,CA58588
DL106810,AN118012
CW526236,CY21037
BZ24605,BZ24605
DA86419,DA86419
AW180513,AW180513
EH380812,EH380812
BN377235,BN377235
EH144818,EH498789
EH91660,EH91660
DD54342,DD54342
EH25087,EH25087
CW881625,CW1174046
EH335520,EH461670
BY353451,BY353451
BW21433,BW21433
CG87048,BC59975
EN24365,AN58470
CG34572,CG34572
DR102041,DB214820
BL374259,BL374259
CW902865,CW902865
BY249798,BN113346
BH27892,BH27892
BN7894,BN7894
BR130118,EC12303
BE198139,BE198139
CW702650,CW702650
CW866291,CW866291
AA156759,BH80712
BY336341,BY336341
ED12031,ED12031
EH441076,EH441076
CS26933,CS26933
BF4552,BF4552
EH104735,EH104735
EH591582,EH591582
DA96736,DA96736
EH872488,EH872488
EH51972,EH51972
CW252236,CW519345
AN72544,AN72544
DJ10359,DJ10359
DR36156,DR149695
CW452380,CW452380
CA92366,CA92366
BN350145,BN350145
AS48307,AS48307
AS23441,AS56696
CW306479,CW325951
EH320973,EH320973
AN44829,AN44829
AN147113,AN147113
DB158431,DB158431
CW881195,CC90770
CG93263,CG93263
BE167601,BE167601
AH15459,EH320021
CG137311,CG137311
EP61461,BY294500
BY163817,BY141437
EH83716,EH83716
BL58369,BL58369
EH673332,EH673332
EH191754,EH191754
BD21517,BD115406
CC113691,CC113691
EH372095,EH372095
CC49834,CC49834
BL5468,BL14525
BY561473,BY561473
BC23280,BC23280
CB54577,CB54577
CW252296,CW342436
DZ10230,DZ10230
DZ54591,DZ54591
AA128449,AA128449
EH312986,EH135207
AP49692,AP49692
BE150879,BE150879
CW117883,CW117883
CW863728,CW1084547
CZ16490,AN99051
BN320094,BN320094
CW867734,BY559571
EH767710,EH767710
CW865969,CW865969
EH421210,EH421210
DE235960,DE235960
AW133227,DT51411
CA81770,CA81770
BN348158,BN348158
BE141913,CG42843
BL74265,BL183572
DJ9341,DJ9341
CW180630,CW115478
AA98034,AA98034
AY4815,AY4815
CW563260,CW563260
EH255556,EH255556
AN98494,AN40709
AW10929,AW10929
EH381727,EH256170
AN35251,AN17967
BY388336,BY388336
EH80686,EH80686
CW80828,CW80828
CW864400,CW864400
EH786634,EH786634
DB223092,DB223092
DB39233,DB301044
DE99008,DE107616
DE236101,EH320246
EH386953,EH386953
AE5524,AE5524
BD103582,BD103582
BD68318,BD68318
BN47871,BN6184
CW748273,CW748273
DR36109,DR36109
AC12290,AC12290
DT84383,DT84383
DW49534,DW49534
BY307766,BY188651
DR69671,EP68785
BL267076,BL267076
BN275035,AW149200
CZ68591,BY732675
BD114770,AC7929
AR7792,EH250252
BY92337,BY92337
EF143536,EF143536
DS82798,BY490622
EH316034,EH316034
BR100594,BR100594
BE175450,BE175450
DB162006,DB182099
DD120151,CM46397
BB50031,CP22978
DS73312,DS73312
EH413659,EH413659
AM12568,CW67871
AW36290,AW131219
BN30927,BN31736
DK8725,DE195382
BY317989,BY414586
EH85791,EH85791
BR120149,CW252387
CG133738,CG7098
BN352342,BN352342
DS78743,DS78743
BN27518,BN28696
CW176415,CW176415
BZ43773,CC114676
BH71206,BH71206
AA80927,AA80927
DN100886,DN96407
EH330279,EH341698
EH449850,EH449850
DB41821,DB227850
AP79669,AP79669
BW22567,BW22567
DB49719,DB49719
DL102511,EF115166
BE159276,BE159276
BY79388,BY136729
BN49325,BN55167
BH25617,BH25617
BR171454,BR171454
AA85819,AA85819
CC117410,CC117410
EH367641,EH403841
CR25529,CR25529
CH7759,DS77152
CN69061,CN69061
BN23936,BN23936
EH441963,EH384210
AM80968,DT148550
EH870502,EH870502
BN244226,BN244226
CW483357,CW483357
BN415113,EH384210
CW341974,CW341974
BH141979,BH141979
AW136999,AW136999
DP43960,DP43960
BN4956,BN36861
CW71914,CW71914
CW539907,CW251562
CS19525,AA101097
EH20420,EH194149
DB182864,DB182864
BL314788,BL314788
BE154438,BE154438
AN52777,DE197762
CW861004,CW440484
DE145415,CB59882
BJ32544,BJ32544
DK23643,DK23643
DZ32439,DZ32439
BL342674,BL342674
AE5313,AE5313
BE143105,BE143105
EF6435,EF6435
EH775887,EH775887
AL241890,AL241890
AL139610,AL139610
EG44937,EG44937
CW118883,CW118883
AA44995,AA44995
EH865901,EH865901
EH353450,EH934615
EH385446,EH385446
BD65129,BD56843
EH416562,EH416562
DD142611,DD142611
AL128385,AL128385
EH376545,EH376545
BN235626,BN235626
CW789612,CW789612
EH46934,EH46934
BN4956,BN68631
DW21692,BY288643
EM90748,EM90748
BN75487,BN54650
CJ69130,CJ69130
EM88853,EM88853
EF87418,EF87418
BY27257,BY137111
EH309881,EH575896
EH369363,EH369363
CW668699,CW668699
DM13109,DM13109
BR35993,BN283866
BL266924,BL223011
EH93086,EH93086
BH131746,BH131746
EH712512,EH712512
AL241661,AL241661
DE168981,BP40638
DL201992,DE240990
BN25311,BN63958
EH640216,EH640216
EF9414,EF9414
DE41638,DE41638
BE271511,BE271511
AA149663,AA149663
DD79784,DD34693
CW857496,CW857496
BN151559,BN151559
DL23582,DL23225
BL141597,BL141597
BY506065,BY506065
CH3922,CH3922
CM45604,CM45604
CA94263,CA94263
BR115606,BR115606
AW150233,AW150233
BR171528,BR171528
BL87006,BL87006
ED15477,ED15477
EH425102,EF114493
AA156759,DE120966
BN195463,BN195463
EH682643,CL56405
EF39345,EF39345
AS76724,AS76724
EM100958,EM100958
EH182256,EH177250
EH686958,AN118728
EH69261,EH80045
DR100294,DR100294
CW368958,CW291294
BN142431,BN142431
CW530980,CW202482
DB190708,DB190708
AL17885,AL17885
DN112716,DN112716
EH302536,BN156422
EH78552,EH78552
BN311113,BN178881
BN103951,BN103951
CZ49426,CZ49426
CW658637,CW658637
DD120555,DD120555
EH314200,EH171994
AX28542,AX28542
BE69402,BE134321
AA152314,AA152314
EG43490,EG43490
EF127048,EF127048
DL21613,DL15516
BN138114,BN179011
AN107674,AN107674
AA162698,AA162698
EF116098,EF116098
BH34541,BH34541
EH609236,EH342633
DA67598,EH687079
EN62161,CP32633
BN322055,EL58070
EF110168,EF110168
BN249386,DE126375
AJ4696,AJ4696
BB90694,BB90694
EH485754,EH392268
DD29633,DD29633
AK2175,AK2175
DZ57089,EH945286
DL127767,DL127767
AM77837,AM77837
BP47674,BP47674
EH406928,EH406928
DB231751,EF83250
DR29191,DR29191
BN257110,BY228622
DE94929,EH884901
DB178396,DB178396
AL252456,AL252456
BY525018,BY525018
CS15904,CS15904
BN54694,BN30053
AN20754,AN20754
EH446804,EH446804
CJ137549,CJ137549
CC84143,CC84143
EN54666,EN54666
DE220777,DE220777
BD117503,BD117503
EC11706,EC11706
DB229189,DB229189
DL13972,DL13911
AW169759,AW169759
DB45547,DB45547
DE152097,DE50328
BY303537,BY243950
CP7106,CP7106
EH776906,EH776906
CZ75709,CZ75709
EG6597,EG6597
CZ70219,EH392901
EH728609,EH728609
AW177939,AW177939
DP9169,DP9169
BL89253,BL89253
BL290978,BL290978
AL246062,AL246062
DB38414,EH539161
EH602685,EH602685
EH185142,EH384210
BD81715,EH366984
AA91980,EH837938
BY469651,BM48927
BB76491,BB76491
AG44568,BM65484
BL330925,BL330925
DE261295,BL238886
BR169237,BR169237
CR11081,AA76896
EH229303,EH229303
EM47165,EM47165
CW156675,CW313139
DB4885,DB4885
AK95258,AK95258
DL11953,DL12161
BR167126,BR167126
CB69712,CB69712
BD102636,BD102636
BL81068,BL25821
CW64700,CW220965
EH177285,EH177285
CP38136,CW874252
CM47257,CM47257
EH197983,DN84574
BY491403,BY491403
AM89542,AM89542
EH737139,EH737139
AK73220,AK73220
EH695832,EH695832
CY10410,CY10410
BH20934,BH22661
EH349664,EH363879
CW352306,CW352306
BN272475,BN348943
BN321066,BN321066
BK28069,EN33815
DE236352,DE236352
EH80045,EH80045
DN52753,DN52753
AL52858,AL52858
BE265202,BE98356
AW49805,AW49805
EH276697,AA122447
BR35677,BR35677
DG29442,DG29442
AW52042,AW52042
BC49941,BC49941
BH22126,BH22126
AJ3315,AJ3315
BE126558,BE39824
BE178415,BE178415
AK45675,EC12303
CW527446,CW545798
CW879514,DH47363
EM43722,EM43722
BN5808,BN27399
BE296566,BE270125
EH256220,EH256220
DL135336,DL126956
DH39932,DH39932
AM75202,AM75202
AW108696,AW108696
AL212444,DE196046
AG13481,AG13481
EB63705,EB63705
DR96486,DR96486
BN30642,BN63832
BY501854,BY501854
DT54615,DT54615
EG42944,EG42944
BY72498,BY72498
AL242390,AL345605
EH440701,EH467049
CM30348,CM30348
DR99065,DR99065
BP25647,CP45210
BN57127,BN15354
BY285161,DJ9809
EH152228,EH152228
DD74078,DD74078
EF90185,BP33068
EH94969,EF47032
DP45165,DP45165
BY131818,BY131818
CC76707,CC76707
BL95247,BL28666
EF149608,EF149608
BE253062,BE253062
DD68570,DD68570
BR135592,BR135592
DB165256,DB165256
DL136192,DL136192
EG2399,EG2399
CT17751,CT17751
CW888273,CW888273
CW267603,CW267603
CW884107,CW884107
BR72366,BR56705
CB36690,BL171082
CG79053,BN147431
BL13353,BL68737
DE112961,DE197762
CZ68786,CZ68786
DB5532,DB5532
BN15575,BN44748
EH267171,BL259036
BY185721,CS27095
DR45110,DR45110
CG92742,CG92742
CC78433,CC78433
DL199199,DL199199
CC112640,CC112640
EH301971,EH301971
AA163758,BN319948
BN342221,BN342221
CW209917,CW209917
EK14443,EK14443
AL136333,AL136333
DT78264,DT78264
EH66748,EH1002932
AN120826,AN120826
EF17687,EF17687
CB40365,CB40365
EH849127,EH849127
BG39312,BG39312
CB17203,CB17203
AL197597,AL197597
AJ35571,AJ35571
EH190553,EH473137
BE327326,BE327326
BL243486,BL243486
DE221280,DE221280
AD22159,AD22159
EH635645,EH635645
CW271146,EG16362
BY508164,BY508164
DS32802,DS32802
BH96366,BH89808
DN110354,DN26943
EP70599,DD118211
BN369941,BN287986
EG37568,AJ33962
CW828000,CW828000
BE101596,EM41068
EC13647,EC13647
DG52076,DG52076
CW93818,CW93818
CW673614,CW673614
CW428622,CW428622
CW874365,CW874365
CC63452,CC63452
AL83731,AL83731
CA24767,CA24767
EH58420,EH56597
EH730102,EH730102
BR112639,BR112639
CX14627,CX14627
BL288632,BL288632
AH21830,AH21830
BY249865,BY249865
CW500709,CW830121
BZ43803,BZ43803
DL41940,DL48866
BD59819,BD59819
EH224586,EH224586
CW469126,CW710508
CW595412,CW595412
EH680611,EH680611
BD118495,BD118495
AW59089,AW59089
EH354219,EH354219
DL7758,DL23225
BE57702,BE50137
EH67366,EH156230
BH66447,BH66447
CG20711,CG20711
BL333018,BL314802
BL178948,BL178948
EF156380,EF156380
EH332107,EH332107
CN66509,CN66509
BE146558,BH80712
CW425364,CW425364
AS70996,AS62339
DD133756,DD133756
EH435563,EH432444
BD30319,BD87517
EH424944,EH424944
EH873235,EH1032488
DD142611,DD103378
CW309018,CW348586
CW278339,CW278339
BN382627,BN382627
BD52414,BD81356
EH318019,EH318019
AW73418,AW73418
CD8293,CD8293
BY86006,BY464536
EH318257,EH335862
CB60667,CB60667
CM53610,EH1033685
EH478841,EH478841
EH166202,EH166202
BL308917,BL308917
DB153318,DB153318
ER14331,BN242378
BY189663,BY248866
EP64600,EP64600
EH717477,EH717477
AN132710,AN132710
EH650626,EH857828
CW395131,CW522179
DT99001,DA79885
CW158687,CW364604
EH849637,EH849637
DE167976,DD130884
BH140754,BH80712
EH640356,EH640356
AL72001,CW471503
BD62207,BD62207
DE96109,DE96109
BH98893,BH98893
BY63874,BY141506
DA59048,DA59048
BY317989,BY515683
AF2559,EM74933
CW198379,CW198379
EH61929,EH61929
BR159039,BR159039
DN125571,DN125571
BK34390,EG16362
CW476908,CW476908
CW416856,CW399806
CW494158,CW494158
DJ12731,DJ12731
EH216605,EH216605
DE122411,EH334388
AB39051,AB39051
BN7743,BN195713
EH681876,EH865475
AG11461,BD60363
DP31420,BM45625
BN389789,BN389789
EH69937,EH69937
BK38437,BK38437
AE19914,AE19914
DR92854,DR93055
AE21031,AE21031
AN158802,AN56330
ES9511,ES9511
BZ29026,BZ29026
AG6299,AG6299
BH133466,BH133466
CW463083,CW402600
EH475732,EH475732
DT57051,DT57051
CW39441,CW39441
CW4121,CW4121
BY13013,BY75047
EH193009,EH193009
AY19209,EH561881
EH92406,EH66785
DX50925,DX50925
EH852403,EH852403
AW67202,AW67202
BL198931,BL198931
CT11965,CT11965
EG5017,EG5017
AA136147,AA136147
AX3963,AX3963
AW31994,AW31994
DX9547,EP94175
DL3314,DL10539
BK22378,BK22378
BN70346,BN70729
EH847692,EH847692
EH165952,EH482971
EH762085,EF149091
AB7827,AB7827
BN212811,BN24021
BK42013,BK42013
AW57021,AW75253
BM3174,BM3174
DR16730,DR16730
CW72125,CW72125
DL2425,DL14274
DT69929,DT37677
AN54833,AN54833
EH810840,EH810840
AN87839,AN87839
EH872962,EH336782
EM79235,EM79235
BM58637,BM58637
BN50634,BN65814
BN39446,BN49542
AN157619,AN157619
BH5347,BH66864
EH324838,EH695612
CW85116,CW241397
CW346550,CW1350125
CP17075,DM12536
EH856973,EH856973
BY274586,BY86237
AP81890,AP81890
EH744386,EH744386
BJ15094,BJ15094
EH68177,EH51054
EG4614,EG4614
BL242383,BL160937
BG26573,BG26573
CW330807,CW993895
BY394698,BY394698
ES16967,BY521090
AW8107,AW8163
BM4017,BM4017
EL50113,EL50113
BY510189,BY510189
CW275469,CW275469
BP19303,EH56309
AP70629,AP70629
EH470700,EH470700
BE92344,BE92344
BE140030,BE10159
BN14324,BN15502
CJ134062,CJ134062
EH167842,DN40101
CW174049,CW259539
CG88297,CG88297
EH58697,CE7387
DE65453,DE146164
CC121534,DR59003
DL10749,DL10749
EH728686,EH728686
BE276320,BE276320
CM59880,CM59880
EH642882,EH642882
BE142968,BE414130
BL142439,BL142439
AN30925,AN30925
EH613668,EH613668
AG47627,AG47627
EH244704,EH244704
AW30357,AW30357
DE244032,DE244032
EH46373,EH46373
EH454225,BL179292
CW103341,CW579876
CN44469,CN44469
CS15465,DB59601
DT17297,DT17297
CM38673,CM38673
CY27265,CY27265
BN50233,BN50233
BL214904,BL238962
CW181145,CW434727
DL143657,EF112348
BN14453,BN72730
CW419265,CW297516
EH414984,EH336782
BY2117,BY2117
EF88378,EF88378
CJ132040,CJ132040
EH677853,EH677853
BP49333,BP49333
BY475604,BY475604
CW380521,EH184988
EH276697,EH277891
BY233593,BY233593
EH299228,EH299228
CW667965,CW667965
BL64999,BL255157
BY123430,BY221686
CH7759,DL217565
DA22829,DA22829
AL243621,AL243621
DA97234,DA97234
EM95598,EM95598
DH52660,DH52660
BN142724,BN129252
BE86910,BE86910
BH102187,BH102187
BL146330,BL81135
AA164074,AA164074
BN228295,BN228295
CW521698,CW348586
ED44006,ED44006
BE322567,BE61762
DR102041,AN128278
EH379672,AY18988
CL43871,CL43871
CN72886,CN72886
EF158973,EF158829
EH712972,EH712972
AM78655,BH144394
AM89891,AM89891
CW451879,CW451879
BN69119,BN68631
DN124815,DN124815
CW839251,CW1265829
BE108081,BE118995
ED27612,ED27612
CW174575,CW174575
EH420489,CH35873
AH21461,AH21461
BE52085,BE114998
BE314028,BE314028
CW403730,CW403730
AA118367,AA118367
EP73140,CN79168
EH25301,EH25301
BY500118,BY500118
AS50875,AS50875
AD19526,AD19526
AA146404,AA146404
DD123347,DD123347
DR27714,DR74541
BL92569,BL150651
BN371351,BN371351
EH8088,EH8088
DR98490,DR98490
DB223757,DB223757
DJ11872,DJ11872
AP68058,AP35756
AF19256,AA72308
EP61461,CW253920
ED16626,ED16626
EH327027,EH390518
EH655747,EH655747
DR110066,DR110066
DK30595,DK30595
DJ6373,DJ6373
BY271751,BY351738
BE97177,BE97177
EF78935,EF78935
AP81398,AP81398
BZ13622,BZ13622
EH731783,EH867255
AZ9239,AZ9239
AX23015,AX23015
DP2218,AN155397
CW303741,CW455129
BE183855,BE183855
BY404880,BY531687
DB36783,DB36783
DG39570,DG39570
AK22335,AK22335
BG13838,BG13838
EH816185,EH816185
BG11070,BG11070
BY179594,DL89939
CG3155,CG98457
EH655108,EH655108
AW101613,AW101613
DW32388,CT49413
EH505207,EH894871
DL151238,DL151238
BP32217,BP32217
BL263290,BL263290
AM91042,AM91042
CM32755,CM32755
EH386000,EH386000
BL328680,BL328680
DR110751,DR110751
EM42154,DB15856
DL204224,DL204224
EF111594,EF111594
BE2274,BE32688
EP70599,DB214820
EM20809,EM20809
EP35555,EP35555
BN190178,AA180343
DE166365,DE210058
CB61167,EH203567
DM9563,BC70087
DT48111,DT48111
BN264249,CC156969
AP74174,AP13057
DH29441,DH29441
DN51749,DN51749
BL26435,DL12818
AW159769,AN128278
BY283421,BY146062
EH94346,EH94346
BG35414,EH780588
CR7462,CR7462
BN335754,BN335754
DY27454,DY27454
AH10941,AH10941
BN70346,BN25084
AF13915,AF13915
BC50555,BC50555
BC29491,BC29491
EH392498,EH392498
DL28882,DL2486
BL363953,BL363953
BY522362,BY522362
BN184993,BN300094
BN70799,BN70729
CG29443,CG29443
DR33285,BE48602
AA94640,BL227071
ES15042,EH304960
DE18353,DE18278
EH376952,EH376952
DL26397,DL25754
DL28032,CM40122
CW471503,AN51713
AK14133,AK14133
CW360686,CW360686
EH653606,EH653606
AE20629,AE20629
DD113896,DW11910
EH183342,EH414822
BN389262,BN389262
EH10070,EH10070
CW301372,CW1011000
DE226864,DE226864
CP31237,CP31237
AL244184,AL244184
EH166544,EH166544
CW867531,CW867531
BJ29747,DG41424
BL10216,BL10216
AM86130,AM86130
DL26549,DL35492
BM33297,BM33297
DG27048,DG28565
BL340498,BL340498
DE33461,DE33461
CW391963,CW391963
AK98016,AK98016
BL298575,BL298575
CW532108,CW532108
AA137169,AA137169
BL292097,BL292097
DA91000,DA91000
CW91847,CW214091
CW888273,CW887032
BN64809,BN65814
AW173039,AW173039
AW182960,AW182960
CW430722,CW521312
AW123321,AW63474
EL16045,EL16045
BH123172,BL357468
DR101238,DR101238
EH567671,EH567671
CW258289,CW258289
CW321222,CW528427
AA54671,BY198628
DR36109,DR66254
AP55499,AP55499
BX17808,BR170700
EH46821,EH46821
CW266500,CW157359
BB76709,BE137436
DZ38155,DZ38155
CG133835,BP53190
BK32870,BK32870
BZ9298,BZ29026
BE84208,BE84208
AA148803,AA148803
CW901440,CW1349503
CT45413,CT45413
BE142968,DB130902
CT18041,CT18041
EH111909,EH111909
CC62716,CC62716
CW374666,CW374666
EH293682,EH293682
BD49403,BD49403
EL72649,EL72649
BH72701,BH72701
BL185332,BL185332
BY481861,BY478131
DK36222,AM6199
BN197158,BN197158
EP39822,EP39822
DP8059,DP8059
CW131125,CW58534
CE2998,DR81466
AS65147,AS65147
CW64700,CW138830
BN111441,BN196493
BN88473,BN88473
BD14121,BD14121
BY56819,BY56819
BN334299,BN334299
BN17181,BN13469
EF63847,EF63847
DL18826,DL29807
BY426162,BY341779
DX17885,DX17885
AA116323,AA115822
AZ13532,AZ13532
DP35058,DP35058
BW26675,BW26675
BR9875,BR9875
AS48083,AS48083
DG22513,DE72527
DT111173,DT111173
BR167517,BR172674
BY21578,BY49946
EM46866,EM46866
EH736769,EH736769
AJ12416,BE319043
CW879711,CW879711
DT55930,DT55930
DS94319,DS94319
AP40606,DY16519
BN4956,BN45149
ER15661,BY209066
CW863490,CW863490
BE13042,BE12776
EH859434,EH859434
DL75746,BH72207
CW799802,CW799802
BY430814,CW130876
DD105359,DD105359
AN9156,AN9156
AS27596,AS27596
BY215246,BY512181
CW83879,CW83879
CC76049,CC76049
EH319423,EH319423
CM49534,CM49534
CZ30803,CZ30803
EH518665,EH1036247
CW879382,CW247518
BY25612,BY25612
AA104304,AA188221
EH582166,EH582166
DL129019,DD95760
CJ97266,CJ97266
CH41444,CH41444
BY116858,BY116858
DB187119,BE97177
CW252980,CW404807
AT21354,AT21354
AD8510,AD8510
BY406028,BY406028
EH512755,EH512755
CW116540,CW1346414
CW203883,CW134292
EH132308,EH132308
AL100942,AL71663
DN79109,DN79109
BY449510,AN118728
BE59354,BE59354
BN55094,BN42549
BL215053,EG19785
BD44782,BD44782
BR5746,DD123836
CW384994,CW353111
CT44303,CT44303
BD43283,EA16361
DL162916,DL162916
CW874518,CW430562
DE104963,BX11000
DR78542,DR78542
EH268714,EH268714
AJ16900,AJ16900
CH48510,CH48510
BH28117,BH28117
AP48376,BP40638
EH71270,EH751855
AZ15914,AZ15914
DL111804,CP32633
DC6964,DC6964
BN263132,BN263132
BR147045,BR147045
CW373754,CW452348
DG41984,DG41984
EH403496,EH403496
BN395554,BN347920
DL24837,DL2486
CC35426,CC35426
BE295561,BE295561
DA71062,DA71062
AX44997,AX44997
CB46441,AA73951
DR108965,DR108965
AX23281,AX35282
BN97763,CG36757
BY377230,DL20808
BE33377,BE64515
DN22670,DN22670
CW578373,CW578373
BN381479,BN381479
EH523764,EH1126856
EH219487,EH219487
BN248633,BN248633
AN149450,AN149450
DN102213,DN102213
AK68894,AK68894
CE40508,CE40508
BE304225,BE304225
BL111010,BL111010
BN264249,BY443246
BR154505,BD151073
DZ46982,CY21288
DA25713,DA25713
BH143522,BH143522
BR123630,BR123630
EH180770,EH180770
DB110976,DB110976
BH96034,BH96034
DS41889,DS41889
AX25343,AX25343
DS87237,CJ151654
BN169072,BN169072
CW332459,CW505435
EE3802,EE3802
BE215044,BE215044
AW150518,AW150518
BN270437,BN270437
DT32124,DT32124
CW447448,CW740832
CE11317,CE11317
BY63104,BY173003
DY32646,DY32646
DL4970,DL4971
DZ52714,DZ52714
EH112463,EH112463
DG46669,DG46669
EH263811,EH263811
BN264293,DB91865
BY176889,BY178019
EH782569,EH782569
EH115967,EH115967
DR74136,DR74136
DE255600,DE255600
DR97748,DR97748
AA133924,DX46676
DA50240,DA50240
EH635224,DB54808
CM20105,CM20105
CG99723,CG99723
AA4855,AM46094
CZ27749,CZ101346
DR63291,DR63291
EH27569,EH27569
EH401268,EH401268
BC51012,BC51012
EF76530,EF76530
BL38440,BL38440
BA6421,BA6421
BL363520,BL363520
EH266537,EH266537
BH17548,BH17548
DB219785,DB219785
EH25942,EH25942
DH8099,DH37273
EF102178,EF102178
AM51175,AM51175
BY407442,BY753095
CW361475,CW361475
EH5415,EH58784
BN28429,BN33337
DE138522,EL65680
CW62973,CW62973
DE215998,DE215998
DN55120,DN55120
BN244557,BN244557
CP7047,CP7047
AL104740,AX14360
EH404896,EH404896
BL237347,BL237347
AA156759,CW253920
EH760575,EH276172
BY517854,BY588030
CW130925,CW83058
DL101438,DL101438
BH141466,BH141466
AP40606,DL94330
EP61461,BY521090
BN384065,EH546089
EH244618,EH244618
BW11417,BW11417
EH496894,EH158425
AX43434,AX43434
AX43007,AX43007
AW168513,EH546089
AE14591,AE14591
BZ41988,BZ41988
BL40265,BL40265
EH94969,EH94969
EH460595,EH460595
CW887911,CW887911
AP79036,DB312790
EH226881,EH226881
AW182457,AW182457
EH51752,EH490850
EG13385,EG13385
BN64809,BN70729
EH855513,EH855513
BY525282,BY525282
EP78777,EP78777
DE9520,DE9520
EM15534,EM2533
CA92361,BN353478
AN100001,AN100001
DH37601,DH37601
DE236504,DE236504
BN14324,BN63832
AM11986,AM11986
AA146894,AA146894
DT71294,DT71294
DK33890,BE306684
CG87048,CN55919
AG31268,AG31268
BL131524,BL80857
EH469318,EH469318
BX20708,BX20708
BY524736,BY524736
BD65873,BD65873
DZ29653,DD41023
CW178621,CW178621
CW872656,CW612140
EF55902,EF55902
AN105930,AN105930
BE43344,BE4477
BP12024,AA99893
AF23621,AF23621
CW56677,CW56677
DR35607,DR35607
CW210359,CW165010
BE262849,BR154869
AL40987,BE42214
DE145000,DE196338
BN58803,BN58870
EH378081,EH360539
BN404039,BN404039
DB167018,DB80052
CW288583,CW478076
BY502930,ED22956
DR83720,DR83720
EH445055,EH445055
EF163870,EF163870
EG40544,EG40544
EH152663,EH152663
AN159348,AN159348
DL157429,EH583132
BN299878,BH70436
BH111554,BH111554
AA56748,AA56748
EM36035,EM36035
EH166472,EH330854
DP2853,DP2853
AS43268,AS43268
CC28222,EF109801
EF145780,EF143536
CW551014,CW301067
BY417974,BY417974
DE236575,DE236575
CT42708,CT42708
CB38244,CB38244
BN48866,BN32244
BN365339,ES12190
EN52163,EN52163
EH32125,CC110625
DG45501,DG45501
DB48976,DB41653
CN30202,CN29498
CA92113,CA92113
EK17180,EH380431
DA15848,DA15848
EH856081,EH856081
AA66103,AA66103
BL274276,BR169458
BZ29390,BZ29390
EH233760,EH233760
AW57048,AW57048
AW125776,AW125776
AA70187,AA151263
BN24457,BN31508
BL27408,BL27408
EF52749,EF52749
DD12777,DD12777
DS101566,DS101566
DR105588,EH546089
CC15604,CC13102
CC28000,CC28000
EH259421,EH259421
DB179413,BL252333
EH216363,EH216363
BL293700,BL293700
BW13252,BL18732
BN196095,BN196095
BR136864,BR136864
BL324058,CZ104505
BL123955,BL123955
BB11145,BB11145
CW866950,CW866950
EH473309,EH473309
EC11248,EC11248
BY476968,BY476968
DN66235,BL125243
BL180399,BL281013
DN62361,DN62361
CW701995,CW701995
BZ28055,BZ28055
EH428484,EH322660
BL142941,BL89973
BR9426,BR9426
DT111495,BL303427
DE250702,DE250702
AM78533,AM78533
AN53956,AN53956
BN45929,BN6184
CX2199,CX2199
AA123702,BW29979
BE226064,BE226064
CW879296,CW879296
CW723624,CW723624
DP9495,DP24887
BL31478,BL321810
BN14634,BN9784
CW410480,CW201868
BC52222,CX18607
BR134648,BR134648
EH54649,EH54649
CW840431,CW840431
CW649597,CW649597
DA100890,BL400078
CW772457,CW772457
CW173259,CW417070
BA14723,BA14723
CZ67529,CZ67529
CP27181,CP27181
DB225506,DB225506
CW516860,CW516860
BY54487,BY42724
DR97254,DR97254
AA109276,AA109276
EH376924,EH1283609
AN143722,AN143722
CW825724,CW825724
BE234695,BE234695
DB57413,DB57413
BL354709,BL354709
BL161634,BL161634
EF45082,EF131681
CW125833,CW125833
EH79924,EH79924
EF98652,EF98652
BT5559,BT5559
DN127551,DN127551
EF14230,EF14230
CW333916,CW333916
AW181260,BM39077
EH450432,EH450432
DE152723,EH342637
BY561916,BY561916
EH328512,EH328512
EH686958,CW551876
BN382228,BN382228
DB183412,DB183412
BY453478,BY101730
CZ79797,CZ79797
BY180972,BY2397
CW420083,CW420083
BR174083,CN56986
EA23746,EA23746
DL94077,AK31375
EH640590,EH640590
DK3283,DK3283
EH760934,EH760934
CW690993,CG106422
EH369639,AK20971
CW901089,CW1299239
AN119469,AN119469
AG26527,AG26527
EH174459,BL317148
CG102783,CG102783
DS94562,DS94562
BY518625,BY518625
ER15376,ER4564
EH278982,EH177603
BN344698,BN229222
CL48944,CL48944
BF7896,AD5042
CW132430,CW132430
BR138481,BR138481
BB29606,BB29606
CG3328,CG3328
EH59749,EH59749
EH585975,EH585975
DE86059,DE86059
CR21941,CR21941
BR130118,AN60411
BN389628,BN389628
EA41820,EA41820
CT6995,CT6995
AH11791,AH11791
EN36121,EN36121
DB97506,DB97506
AW49266,AW49266
CK9026,DL72797
DE164961,DE164961
EH844926,EH844926
BR39860,BR39860
BL93985,BL111174
BY503704,BY503704
AB37048,AY18690
CN29729,CN86256
CW220065,CW429412
DD120151,DH36071
EH441963,EH436540
CB4884,CB4884
DE106455,BL234068
BH86533,BH86533
EH128520,EH128520
EA26433,EA26433
CW370380,CW370380
BN292350,BN292350
AW119465,DB130902
EH121190,EH121190
BN50634,BN70729
DT37848,DT37848
EH847640,EH847640
EH590223,BL433966
AG39193,AG39193
AW109365,AW85208
CZ63198,CZ63198
CG120104,CG120104
BD77991,BD77991
BL88700,BL88700
BY558632,BY558632
EH158843,EH158843
EF108178,EF108178
BN218050,EH517162
DZ19352,DS12741
CJ113686,CJ113686
BY130864,BY2397
CG128813,CG137201
CW338051,CW338051
AN149811,AN149811
CW471503,CC90770
CR25664,CR25664
AW51458,AW210715
AA138993,AA130062
EH737447,EH737447
BL154435,BL154435
CW276833,CW310518
CG130762,EH551265
EH88057,EH88057
DA25022,DA25022
BE265203,BE265203
BY305325,BY484343
EH432613,EH432613
BN58781,BN58781
AL154878,AL115602
EH688298,BL278182
BZ13842,BZ13842
BN16958,BN16958
CN62585,CN62585
AX54085,AX54085
CW4481,CW299688
BD20134,BD20134
CY8287,CY8287
CC106872,CC106872
ED40576,ED40576
BY99138,BY99136
BG3794,BG3794
AA25952,AA25952
EH61365,EH61365
CM24302,DB61101
BA3577,BA3577
DE260410,DE260410
DD64731,DD64731
EH124990,EH124990
EH857717,EH857717
EF148506,CC151432
DT109894,DT109894
CW458222,CW245620
AN122560,AN122560
CW897715,CW897715
BL237803,DE227424
EH41609,EH41609
BD101162,BD101162
CW331964,CW486443
DL193009,DL193009
AW72578,AW72578
EH330352,EH330352
EH296450,EH194845
EH32268,EH32268
DE170832,DE170832
DM29842,DM29842
EF99949,EF99949
CW121773,CW839277
EH550587,EH550587
AS6238,BL251389
DB134435,EM57235
DY30098,DY30098
BL264978,BL264978
BN22280,BN61792
DE123316,DE123316
EC6852,EC6852
BJ21707,AY18690
CW322729,EH184988
CZ65491,CZ65491
DY16519,DY16519
EG6176,EG6176
BP6811,BP6811
BT10120,AL161314
EH94803,EH465796
EH18917,EH18917
BP30862,BP30862
EF150280,EF150280
CW589933,CW589933
AP44159,AL244546
EN45148,EN45148
DL174194,DL175092
EH266697,EH442293
EH696144,EH696144
CS26548,AN128278
CG8952,CG8952
DL67588,AP70306
DE214295,DE214295
EH236938,EH313545
EH81069,CA77897
DB220259,DB220259
DD9893,DD9893
DR78831,BL291777
DK15482,DK15482
DY16519,CE62836
CG111895,CG111895
BY117683,BY117683
BR13356,BR13356
AL108438,AL108438
EH610982,EH610982
BE41452,BE41452
BN348488,CW817400
AG47542,AG47542
ED42725,ED42725
CJ92900,CJ92900
CG135662,CG135662
CM12576,CM12576
AW25710,AW72937
BN50719,BN73322
AL228135,AL228135
BH3255,BH3255
BR132801,BR132801
BK11097,BK11097
EH846686,EH846686
DR63820,DR63820
BW25266,BW25266
CW268508,CW408074
BL270757,BL270757
EH792065,EH792065
DD73464,DD73464
BD74864,BD74864
BD12464,BA7801
AN9009,AN24051
BW48276,CN42300
DN37341,CJ101129
CM24302,BN266420
EH694450,EH694450
DT113466,DA19872
DB127554,DB137110
CW781649,CW781649
AA141308,AA135012
BN166097,BN158221
BL146530,BL146530
EN56846,EN56846
CC121847,CC121847
EH867675,EH867675
ER10533,ER10533
DB231113,DB304744
CW126466,CW100762
EG28095,EG28095
BN270731,BN270731
BE288894,BE288894
BN330896,BN330896
AL41011,AL41011
AW184425,EH706711
BY387606,BY343050
DA13837,DA13837
CT7507,CT7507
CB12038,AN65476
BM15968,BM15968
DG21626,DG21626
EH423289,EH423289
BH140754,DE120966
BH135070,BH135070
AD24566,AD24566
ES15089,AL117247
DD125174,DD125174
BH87608,BH87608
CW830411,CW830411
BJ26022,BJ26022
BY285855,BY285855
EH657082,CB12624
BN208844,CC114676
AA151585,AA151585
CW314286,CW314286
BL108571,BL108571
AK42248,AK42248
EH305622,EH305622
EG33085,EG33085
AY13708,AY13708
BL165893,BL165893
CM55377,CM55377
BW52561,BW52561
CW316975,CW316975
CG13263,CW331086
DT96353,DT96353
BY99138,BY3938
CW320107,CW320107
AL180820,AL180820
BN61051,BN61059
DE32153,DE32153
CW100233,CW354292
BE295971,BE295971
CG44894,CG44894
EH451351,BR107523
DL168699,DL168699
DG38986,DG38986
CJ41739,CJ41739
BL372710,BL372710
DR75355,DR75355
BR86248,BR86248
BN388619,BN388619
BP18671,BP18671
DL167719,DL167719
BN72313,BN72157
AW169682,AW169682
AE23843,AE23843
BF11555,CW155601
BY262457,BY144123
BH117831,BH117831
CJ13757,CJ13757
BL157234,BY352017
EF118042,EF118042
EH863480,EH457551
CC91463,CC91463
AA10963,CM5619
BE188908,BE188908
DE133537,DE133537
BN64011,BN64011
EH795778,EH795778
BY318233,EH535641
CW532850,CW101543
CW150698,CW150698
DX23801,DX23801
BY531181,BY592623
EH405531,EH878757
EH223386,EH223386
AN9009,AN9009
CZ80237,CZ80237
BP33801,AZ11938
EL29187,CG58880
EH450281,EH450281
BN290544,BN290544
EM42609,EM42609
AK75467,AK75467
EH785755,EH785755
BM12108,BM12108
DL75134,DL79029
BL317148,BL259596
BE50639,BE113441
EH479087,EH479087
CW383418,CW383418
BN123281,BH107815
DL164102,DL164102
CK4169,CK4169
BL374832,BL374832
EH249228,EH249228
BN318805,BN318805
EH389637,EH389637
CW666234,CW840754
DR96527,DR96527
CW437065,CW437065
AN94807,DA55779
CW137365,CW113174
DD67715,DD67715
AP49485,CG42129
AW166222,AW166222
CH36405,CH36405
EH368009,BL179300
EH515770,BN274233
BL353786,BL353786
EF83418,EF83418
CC101463,BY732675
DR68849,DR68849
DP3495,DP3495
DH43509,DH43509
AX28036,AX28036
BN140038,BN140038
EC13901,EC14234
BT10120,EH1036247
AA66176,AA66176
BN73204,BN52482
DE213743,DE63666
EH357270,EH425076
CW385157,CW385157
ER22470,CG42129
BE264551,BE264551
DE34840,DE77864
DS28145,DS28145
BN173095,EH274777
EH600891,EH600891
CW298458,CW298458
AL247460,AL247460
EH55307,EH108767
CW882629,CW882629
DX24562,DX24562
EH333173,EH333173
CW200243,CW123301
DS84261,DS84261
DZ53332,DZ53332
DR111955,DR111955
BJ36244,BJ36244
EH80223,EH80223
EH208869,EH208869
CW886378,EH872746
BL237803,EF105027
CW14535,CW265195
BL70739,BL70739
CW862739,CW862739
EG45571,EG45571
EH542819,EH542819
CW889895,AN171801
DD77714,DD77714
EH76924,EH135207
BR112018,BR107389
EH380157,EL38901
EH391947,EH391947
AX38654,AX34121
BC11004,BC11004
AL192874,AL192874
CM24302,CS15465
DW15241,DB9558
BZ47468,BZ47468
CH44143,CH44143
CB13974,CB13974
DR36295,DR35708
EA23082,EA23082
DE169670,DH21690
CW151719,CW350625
BY23505,BY23505
CW818598,CW818598
CW339930,CW339930
BL348135,BL348135
EH194434,EF73550
CA48960,CA48960
DF19494,DF19494
DT119961,CK12628
DL168429,DL113868
BY485207,BY351202
EP72286,CS8344
BL107449,BL107449
EF128814,EF55147
BM9010,BM9010
BC6248,BC6248
DY24829,EH498936
EH675012,EH415518
AL72001,AD13445
EH86962,EH86962
DL135145,DL184875
EH69955,EH69955
EC4499,EC4499
BR112639,CJ153827
BY433197,EP29500
AB4988,AB4988
AX38207,DE157580
DR96533,EH776536
EH103821,EH103821
CW409372,CW409372
BN277456,BN277456
BY178204,BY178204
DJ2928,DJ2928
CG36652,BC48160
EH431830,EH265267
EH600763,EH1195600
CW881517,CW881517
EM45197,EM45197
DE168963,DE168963
CY21037,CY21037
BR109411,EH844303
BL83594,BL83594
EF141866,EF141866
DM16405,DM16405
CW450011,CW450011
DT127813,DT127813
EF124045,EF124045
EH327027,EH178414
BN362668,DB214820
DE199049,EF79303
DT120997,DT120997
AN143595,AN143595
BL142537,BL142537
BN73473,BN65814
CA93458,CA93458
DX27579,DX27579
DH17540,DH17540
BN343163,BY385756
EH128314,EH96663
EH28214,EH28214
DP5357,DP5357
BE36816,BE36816
BY397903,BY397903
DE86504,DE74778
CA93435,EH678407
AL200158,AL200158
DL155614,DR105588
EH454225,AN137405
DT16366,DT16366
DT90164,DT90164
BE323003,BE323003
EH193076,EH400563
BN382801,BN382801
DL135336,DW34489
AW119465,BP40638
AM46954,AM46954
CM61862,CM61862
BR123758,BR123758
EH315381,EH315381
AN158802,AY43072
CW694003,CW909170
CW832904,CW832904
EH730020,EH730020
AL86936,BW40521
EH682633,EH682633
BE277164,CE62836
BL231683,BL123693
BH4825,BH19682
BY462454,BY48114
CW298895,CW298895
EN39391,EN39391
EH490309,EH490309
BY463847,CW679304
EH207434,EH207434
BH87478,BH87478
CW791600,CW791600
BN73081,BN24332
BY482870,BY482870
AX52842,AX52842
AA119147,DL100116
CW119993,CW119993
BY48114,BY48114
CW253807,EH263426
BD98697,BD98697
CZ43092,BN246094
DY13191,DY13191
DE166551,DE166551
AL198841,AL198841
BL265035,AA180343
AW185104,CW84038
AS67316,AS67316
BT12069,BT12069
BE163115,BE117968
BN12884,BN12884
CW410297,CW688205
AL54471,AL197620
BP15557,AL162974
BE261215,BE261215
DE201025,DE201025
CB53542,CB53542
BR31546,BY177643
CW177522,CW161934
CM49429,DD68096
CA8793,CA8793
AP57255,AP57255
EH657446,EH425076
BE202151,BE202151
CL37671,CL37671
AP48376,CG42129
DP14891,BX12719
BR74160,BR74160
BY523450,EH689121
EH111481,EH111481
BZ6676,BZ6676
CW74464,CW74464
CW315676,BD64204
DB67160,DB67160
EH103604,EH103604
DB94036,DB94036
DL28882,DL35547
EF106333,EF106333
ER37728,ER37728
BR76035,AA139157
AP42098,AP42098
BH123996,BH123996
EH162387,EH76625
BK39230,BK39230
CM40018,DB304744
AS69819,AS69819
DR33310,DR33310
EH843619,EH782798
DL147776,DL102818
EH209424,EH209424
BL383912,BL383912
BH75676,BH75676
BL175895,BL30526
BY172984,BY172984
DT20980,DT20980
DB206476,DB206476
BN281303,BN410597
EH90442,EH90442
DE255794,DE255794
CS10161,CS10161
BH139158,BH139158
EN13676,EN13676
EH144818,EH1061575
EH426029,EH426029
CW60627,CW60627
BM37392,EM85949
DX51750,DX51750
EH304201,EH304201
BF16451,BL284178
CW842316,CW842316
EG41248,EG41248
EM22340,EM22340
DA30959,DA93538
EF68929,EF68929
BL262488,BL262488
BN207233,BN206830
BL329485,BL329485
EH394767,EH394767
BH127314,BH127314
EH797676,EH797676
AP79116,AP79116
AL119412,AL103473
EL40237,DR105588
BF21931,BF21931
AL252511,AL71784
EH606446,EH606446
CG15875,CG195809
CW840631,CW840631
CW155513,CW388485
BN187689,BN231995
CW56423,CW56423
BY96401,BY43858
DL156318,DL156318
CB20390,CB20390
CW741011,CW741011
CT44927,CT44927
AY23846,AY23846
ER32779,EH58420
EL56186,EL56186
CB2178,CB2178
BY370986,BY179148
CM58127,CM58127
CW130775,CW200477
DT85487,DT85487
CW35438,CW35434
CW150365,CW150365
EH658664,EH311049
DT31356,DT31356
EF88420,EF88420
BN28116,BN66390
DE131549,AX81403
EH713823,CW955988
BB78193,BB78193
EH449825,DR82996
BE22590,BE22590
BN335485,BN335485
AW50895,AW50895
BL242340,BL242340
CW312032,CW418076
CW855829,CW855829
BY566057,BY566057
BY46172,BY46172
BN49158,BN19997
DR61455,DR61455
CW26719,CW9344
EH304899,EH304899
BZ16874,BZ16874
EH324387,EH324387
AA110907,AA38882
BG39494,BG39494
EH485985,EH485985
EH381652,EH381652
EH44281,EH876677
EH788344,EH1154541
DX2606,DX2606
EP65065,EP65065
CW221664,CW405316
CW143912,CW181814
AN118901,EH1280767
DB179472,DB179472
BN238390,BN238390
CW124805,CW124805
DL71521,DL71521
DN54768,DN54768
BC57193,BC57193
AH9015,AH9015
CW676658,CW676658
BL228890,BL228890
CW885562,CW885562
CW212794,CW212794
BL227629,BL227629
CC104437,CC104437
CA43112,CA43112
EB50603,EB50603
BR57840,BR57840
CW527644,CW413963
AX11412,AX11412
DE156890,AL105183
BY540404,BY540404
EH327243,EH327243
BB4942,AK46426
CW346076,BR170700
DT30948,DT30948
CK8961,CK8961
CW361881,CW361881
CW183165,CW339745
DL173870,DL173870
DS72354,DS72354
DX53188,DX53188
EH603986,DL175011
AS42756,AS42756
CW139945,CW273870
DR102041,BY732675
EH210460,DD34611
BB4942,EP47351
BY495684,BY495684
BY559893,BY559893
BE262849,CA102063
EM92393,EM92393
AX16152,AX16152
DX48734,DX48734
CW214710,CW1148495
BY512181,BY512181
AL119814,AL119814
CN72554,CN72554
BH147891,BL127906
BH132897,BH141777
BE60760,BE60760
DZ15688,EH327445
EH69348,EH69348
AJ18521,AJ18521
BN318651,BN318651
DN94474,DN94474
AN87021,AN87021
EH544749,EH544749
BM5039,BM5039
DL126289,DL122297
EH645919,EH645919
AL106310,AL111277
BL323210,BL323210
BW16766,BY280462
EF130821,EF130821
DJ4597,DJ4597
CZ49590,AS42420
BZ26029,BZ26029
BN404090,BN404090
BN243457,BN255297
EJ20223,EJ20223
BL184234,AA122447
DE253521,DE253521
DB220406,DB220406
CM3669,CM3669
BL125834,BL125834
BB40106,BB72053
CW122627,CW329495
CZ68591,DB214820
BE48565,BE48565
BY383679,BY383679
BE296566,BE296566
EH150238,EH150238
CW346076,CW404212
BY526383,BY638456
EL26227,EL26227
EH80052,EH80052
BE70292,BE95502
BY496227,BY93596
CW656532,CW656532
AW59570,AW175218
EH708073,EH708073
BL366289,BL366289
BY409793,BY409793
BN416052,BN416052
EH271401,EH271401
DS101294,DS101294
CW409466,CW409466
EF120152,EF120152
BL218454,BR15602
EH363245,EH363245
EM8677,AA49251
DD93660,DD93660
BC50118,BC50118
CG74986,CG74986
CW211760,CW824007
DL33927,DL32633
AN158707,AN158707
CW630140,CW630140
CW890227,CW890227
CW84764,CW190696
AL5763,AL5763
DX49714,DX49714
CW837305,CW837305
EH837080,EH837080
BH138485,BH138485
CG89526,CG89526
BL45554,BL35806
DN111901,DN111901
BP19945,BP19945
EH760276,AN87696
EM19864,EH449284
BL56655,BL56655
CE35705,CE35705
EA27691,EA27691
AA133924,CM75378
BP52178,BP52178
BP9170,BP9170
DG21727,DG21727
BH70570,BH70570
EH496165,EH496165
CN46083,CN46083
BY257755,BY99136
BD109866,BD109866
DB191260,DB210202
BY119895,BY119895
EF111594,CL56405
DD128729,DD128729
BN128371,BN274306
EH679353,EH313545
BL304390,BL304390
CW701555,CW814060
BH26906,BH26906
BP38681,BP38681
EH861819,EH861819
DL33780,DL9543
DP45257,DP2700
DT95934,DT95934
BL179359,BL182535
CA45493,CA45493
DR22996,DR22996
AW76547,AW76547
DX48368,DX48368
BY396563,BY396563
EH212793,EH212793
AL207371,AL207371
DX50762,DX50762
CW730438,CW413020
BE96844,BE96844
CW416856,CW440704
BL281395,BL281395
EH171970,EH2758
BL170660,DE59620
BK25254,DE150159
EH187909,EH187909
BL285413,BL204383
CW434727,CW434727
CZ10781,CZ10781
CN75143,EF92884
AN3759,AN3759
BW41332,BW41332
CE32074,CE32074
CW487544,CW1375959
EH412047,EH412047
BW14581,BW14581
CW899198,CW899198
EN62161,BB84267
DL143657,AD13445
BK19739,BK19739
EF87746,DK21812
BL189676,BL189676
BK3510,BK3510
AN59661,AN208939
EH125465,EH125465
BR172429,BR172429
DB125494,DB165957
CW869604,CW942584
BN143010,BN143010
EH113220,DB188956
CW104998,CW140237
EH49023,EH49023
EH76307,EH76307
EG40766,BL393887
BN262532,BN262532
DC18403,DC18403
AN141205,AN141205
BN163914,BN163914
EH356903,EH356903
CW859753,CW859753
AP18310,AS3235
AS51893,AS51893
CW258203,CW334804
BL50539,BL50539
BE36765,BE64515
CZ62798,CZ62798
EA2136,EA2136
BW48276,AY44120
AX8597,AX8597
EH406647,EH406647
BN373538,BN520213
DX39799,DX39799
BE14668,EH466051
DB186860,DB186860
EH342293,EH342293
EH426063,EH426063
EH180612,EH180612
AG28811,AG28811
AN100001,AN87839
EH640065,EH640065
DB137204,DB137204
AJ27072,AJ27072
CW145334,CW124542
EF158973,EF158973
BN50506,BN50506
BY241382,EF112348
EF24557,BY454379
AW114828,AW114828
BN214819,BY29429
CW646960,CW646960
AL96143,AL96143
DN42919,DN42919
AM76903,AM76903
BN46721,BN54617
EH627164,EH768411
DX16135,DX16135
CW395963,CW445022
EH269043,EH269043
CW661728,CW661728
DE258530,DE258530
CA97283,CA97283
BK11031,BK11031
BY509878,BY509878
BN97038,EP101744
CG75408,CG75408
AJ12924,CM14154
BE25817,BE25817
BL29717,BL6665
EH361552,EH361552
BR104527,BR104527
EP11132,AP12257
BR147116,BR147116
DR99023,DR99023
BC43544,BR169037
EF149038,EF149038
EH633034,EH633034
AM55977,AM55977
AM25801,AM25801
DY24455,DY24455
CW658697,CW658697
EH517368,EH517368
DR112333,DR112333
EM11014,EM11014
CG13487,CG13487
EH854762,EH854762
CG100014,CG100842
AM84254,AM84254
BH55542,BH55542
CW535625,CW535625
CR23795,CR23795
DD118847,DD118847
DE230128,DE230128
AA10695,AA38939
EH680724,EH680724
EH876182,EH876182
DL192291,DL192291
CW331545,CW331545
BP35414,DE150988
BN240620,BN240620
BM35583,BM35583
BG2755,EL24650
EH65247,EH65247
CW196960,CW783327
CW447856,CW447856
DB163866,BX12719
EH200388,EH142265
EH409645,EH409645
BN47700,BN27620
AM81501,AM81501
AL199329,AL199329
DD77957,DD77957
BJ30802,BJ30802
CC121250,CC121250
AM6405,AM6405
BK36756,BJ21707
AS67646,DD117202
EH227221,DH52297
BN395554,BN395554
EH454360,EH185104
EH351672,EH351672
CW312243,CW549826
EC15632,EC15632
BN104645,BN104645
BD119107,BD119107
BN352610,BN352610
DT84965,DT84965
EP33136,EP33136
EH292868,EH292868
BY522638,BY522638
AA57694,AA102622
DX50607,DX50607
EH667048,EH667048
DL182846,DL182846
CW769008,CW769008
CW270854,CW270854
EF63234,EF58068
CW900236,CW900236
BY26365,BY26365
DX39427,DX39427
CW489977,CW47317
BL12949,BL12949
BN30642,BN30053
BN410167,BN273882
AN12187,AN12187
CW215031,CW150686
CW312032,CW420883
CW369581,AN99575
BH86758,BH86758
CW544408,CW162651
EN52499,EN52499
BY116875,BY23566
CG95907,CG95907
AN101640,AN58164
BN335109,BN335109
CW410480,BN155572
EH668242,EH668242
CW296160,CW415713
CG39949,CG39949
CZ83774,CZ83774
BY192969,BY192968
BL6333,BL6333
DE217503,DE259451
DL3314,DL56269
EH185364,EH185364
BW36754,BW36754
BL23133,BL23133
CB45732,AN162821
DD31007,DD31007
CW198294,CW492391
AW138782,AW138782
EG37568,DB130902
AL88328,AL88328
DE263850,DE263850
DB219215,DB219215
EH787449,EH787449
CW451161,CW451161
CM30720,CM30720
BY133293,BY133293
DT74048,CE62836
CW439686,CW906023
BE323720,BE323720
BN14347,BN94811
EF140769,CW774514
DT31793,DT31793
ED22703,ED22703
EH862599,EH862599
BN164117,BN150964
BN216404,BN113346
EH140273,EH140273
EH355587,EH355587
AP81426,AP86867
CA3028,CA3028
DB5084,DB63037
EH121327,EH121327
AN147148,AN147148
CR23718,CR23718
CW607979,CW607979
CW742081,CW897363
DD54095,DD44989
AL199738,AL199738
AA136729,AA136729
EH70636,EH70636
BW10192,BW10192
EH120358,EH120358
BY226937,BY104709
BY230355,BY424212
BR157451,BR157451
DB103506,DB103506
BY237923,BY237923
CW901742,CW800188
CW226762,CW318901
AA65801,CW365551
CG92499,CG92499
BL274581,BL274581
BY199132,EH861819
DB173252,DB173252
EH300110,EH300110
ER22565,BR170700
BL285413,DB101762
BL60876,BL60876
EF154387,EF154387
BN32267,BN69559
BL149483,BL321810
EM10913,BY454379
CW869827,CW865391
CY10537,DZ45335
BN60478,BY178126
EH220479,EH220479
EH337144,EH337144
BL356278,BL356278
EH36406,EH36406
DE236852,DE236852
BN196461,BN139727
BH136430,BH136430
BY340873,DS2421
BY407272,BY407272
BH50680,BH50680
CG106422,CG106422
CN27191,AM90074
EM28418,EF105027
DY14561,DY14561
CW81934,CW81934
EH42075,EH42075
BH146301,DE259451
BH98141,BH98141
CW214791,CW981536
AP54674,DD141811
BL383868,BL383868
DL96201,DL173664
CW511403,CW497299
EF50824,EF50824
BM31783,BM31783
CW763411,BD151073
CN68849,CN68849
ER32404,ER32404
CW897160,CW165010
DN127597,DN127597
DD112992,AA140632
DT125014,DT125014
BY114185,BY470967
CW869002,CW869002
BR138465,AA170412
DM4187,EP6575
CW752352,CW752352
CG130762,DH36071
BN353478,CG83538
DK38223,DK38223
CW110198,CW157850
CG10572,CG10572
BY50828,BY50828
AL232178,AL98520
EH76254,EH76254
DB15935,DB23446
EM43546,EM26983
CA50413,DB170393
BY508211,CZ73839
EH739289,EH739289
AL46757,AL91364
DS89209,DS89209
CN30202,CN30202
CC55286,CC55286
EH62395,EH62395
BY530169,BY530169
CW869837,CW869837
EH716785,EH716785
AM72575,CT38569
CG137193,CG137193
DB185752,BA13119
AP63680,AP63680
BP46712,BP46712
BL348140,BL348140
AL123958,AL123958
AX39438,AX39438
BH3966,BH3966
CW383339,CW334271
BN238793,DR71213
DL11953,DL20022
BN241393,BN241393
BE66773,BE66773
CW426145,CW1078268
EM20115,EM15745
EH441275,EL55310
DR71472,EP49431
BY45934,BY45949
CW357147,CW200243
BD28646,BD28646
BY227010,BY31940
CH3727,CH3727
BY49003,BY49003
BN230326,BN230326
AN58367,AN77367
BE208198,BE167720
DB82733,DB82733
BE294384,EM101936
CW269717,CW1260336
BL265998,BL265998
EH421054,EH421054
BL377221,BL377221
CM53070,CM53070
EH269903,DB196807
BB34675,BB34675
BE314784,BE314784
BJ26033,BJ26033
BL6375,BL6375
EA30547,EA32387
CW782989,CW782989
AM77950,AM77950
BN377238,BN377238
AA164070,AA164070
BH56373,BH56373
BY241382,AY43072
AW79038,AW79038
BM53852,BM53852
DR3253,DR53543
AN37959,AN37959
CW271146,AW63524
DF12620,DF6328
BN75487,BN8551
AB29106,EH192550
EH293373,EH293373
DL180966,DL180966
EH391237,EH476314
AW133227,CB5699
BY295854,BY235255
EP84291,EP84291
AW169806,AW169806
DD8658,DD8658
DW33544,DW33544
AA154606,AA170412
ES14654,ES14654
CG5661,CG5661
DR111979,DR111979
BE30596,BE19298
BN166193,BN166193
EH263541,EH263541
BL55911,EH350784
DE208195,DE208195
BH87760,DJ8241
DN128935,DN128935
EH853012,EH781281
EH475993,EH475993
AB27053,CG99513
BY395533,DE259451
EH65254,EH65254
BY467571,BY467571
EH344534,EH344534
BL184234,EP29500
EH766623,EH766623
CB14527,CB13856
CZ14969,BN263843
EF52893,EF52893
DB200092,DB200092
EH62753,EH62753
BL335502,BL335502
EH339388,EH53098
BN69119,BN36861
BL285347,BL285347
AP39745,AP39745
DP36471,DP36471
DB235519,DB193868
CC109854,DK33118
CW306080,CW67717
BN330140,BN392504
BE137821,BE137821
CG123226,CG123226
BH47538,BH47538
DL122853,EP49431
BL203068,BL203068
EP58139,AA117662
BY492455,BY492455
CJ138495,CJ138495
BY470601,BY470601
BR146665,BD80097
DT63929,BY521090
CZ24765,CY2203
DN126780,DN126780
BY177213,BY529772
AM26668,AM26668
AW89662,AW89662
DM7629,DM7629
BN78759,BN174395
DT16438,DS22484
BR154145,BR154145
AN126325,AN126325
AL123958,BE414130
EH45014,EH76254
DD101452,DD101452
BY508840,BY508840
BK35137,BK35137
DD129059,DD129059
AY13320,AY13320
EH707662,EH707662
BR74175,BR74175
DL169238,DL169238
EH158455,EH158455
EL15302,EL15302
EH861396,EH861396
BY402136,BY298381
DN94764,CN55919
CB30744,CB30744
BZ31407,BZ31407
CW869604,CW899198
EH215128,EH644828
CW521698,CW608440
AA141235,AA141235
CZ79190,CZ79190
AL244434,BN323283
EF69763,EF14314
BH62619,BY111752
CJ7571,CJ7571
BL389744,BL101085
EB42463,EB42463
AX27085,AX27085
CD7659,CD7659
EH628101,EH628101
EP72650,EP72650
DD123716,DD123716
BZ33173,BZ33173
BH9542,BH9542
CW162273,CW162273
BL253407,BL253407
BL11431,BL176652
AN99068,AN17967
BC49980,BC49980
EH684903,EH546089
BY370986,BY34044
EH843274,EH843274
EL66044,EL66044
BB38824,BB38824
AN159362,AN161068
DL32147,DL16645
DT77755,DT77755
AL79307,AL18132
EH113140,DS46527
AS14897,AS14897
BY146911,BY146911
BY284614,BY284614
DJ8558,DJ8558
AN52777,DB119376
ED3604,ED3604
DK35678,DK35678
DM24672,DM24672
DB123232,DB123232
DX22883,DX22883
BH120809,BH120809
DD77424,DD77424
DZ10015,DZ10015
DL37512,DL131851
EM69941,BD80083
DB230138,DB230138
CW704254,CW704254
BY471678,CD10885
DL195859,DL195859
EH71412,EH71412
BN198765,BN255463
BH134863,BH134863
DY27435,DY27435
AA153148,AA153148
CA92527,CA92527
CG73565,CG55151
BN46721,BN47188
DZ34157,DZ34157
CH34214,CH34214
AW101484,AW75575
CT34386,BG36201
BL149415,BL61398
BY499194,BY517638
EH686958,BJ21707
DL213547,DL125333
EF129772,EF129772
DZ46468,BR170700
BY154346,BY200762
EH245041,EH245041
BG2409,BG2409
BE318119,BE318119
AA27885,AA43781
EF141733,EF141733
EH80653,EH80653
BM7091,BM7091
CG14787,CG14787
ES15059,ES15059
AE3593,AE3593
CW627843,AL98652
DE262387,DE262387
BE322059,BE322059
BT10518,BT10518
EH428110,EH428110
EJ24505,EJ24505
BL326620,BL326620
BW24149,BW24149
BY531962,BY468965
CW109412,CW109412
BY528481,BY528481
BC50262,EF105027
BW29968,BW29968
BB91712,BB91712
BH18817,BH18817
BY561752,BY561752
DB83834,DB83834
BE182029,BE182029
CW329952,CW329952
BE276687,BE276687
AL72711,AL191311
DD129001,DD129001
DB164572,DB164572
BR147045,BR164253
EH665616,EH228356
AK6896,AK6896
DB48043,DH25671
EH663642,EH663642
BL13395,BL13395
CL31072,DE42056
AS66975,AS66975
EH201216,EH201216
EH262064,EH262064
EB26329,EB26329
AS48043,DL98656
DB207917,DB207917
AG6490,AG6490
CE40964,CE40964
EH653969,EH653969
BR154607,BR154607
BR61108,BR61108
DE250336,CW893573
BY338500,BY338500
BL388250,BL388250
BY413618,BY413618
BN363216,BN363216
EH798533,EH798533
CW238416,CW238416
AY20329,AY20329
DS94550,DS50469
AJ34922,AJ34922
BN306596,BN152303
CW650066,CW650066
BY442761,BY442761
EF101375,CZ104935
CW198294,CW675320
BL63342,BL63342
EH512982,EH512982
DS81102,DS81387
DB118528,DB118528
EH38881,EH38881
BE74778,BB117664
EH637422,EH637422
DL216605,CL50413
BC55537,BC55537
EH76185,EH282631
EH629433,EH629433
CC110116,CC110116
BE271476,BE271476
DS91392,DS91392
AZ5901,AZ5901
EM91696,EM91696
BY560725,BY228622
AA44649,BL58872
EH578980,EH320385
DR84173,DR84173
DY7537,DY7537
BL337699,BL50545
DK36222,EP29500
AJ3253,AJ3253
EH363344,EH363344
EH492759,EH492759
CC95200,CC138164
DL84427,DL84427
DC10460,DC10460
DB30744,DB30744
EH399529,EH399529
BC49116,BC49116
BL218651,BL345696
CT42766,DK36597
BY199657,BY93596
BR119730,BR119730
BL2065,BL2065
BE274984,BE274984
AA159440,AA159440
DL83297,DL5879
DE244486,DE244486
ER32151,ER32151
DE230001,DE230001
DG16636,DG16636
BJ20415,BJ20415
CZ16490,CW560255
CJ22118,CJ22118
CM44678,CM44678
AN27524,AN27524
BN362668,EH551265
BH148642,BH148642
EH148123,EH217595
BL182160,BL182160
AM48023,CT7593
BB83214,BB83214
CW197698,CW197698
EH379672,EH517319
BH43244,BH93391
CG119059,CG119059
DE256161,DE126313
EH124279,EH124279
BH32430,BH32430
CC99413,AL143731
BE63985,CC63127
CC52273,CC52273
EH334856,EH334856
EG8425,EG8425
AA130629,AA130629
BL21750,BL21542
EF5622,EF5622
EA44904,EA44904
EH730516,EH730516
DR14060,DR14060
BN395129,BN395129
EH314393,EH314393
CZ85788,CZ85788
BR112639,BE161732
BG37031,BG37031
AA146834,AA25410
DZ33075,DE87516
CZ6347,CZ6347
CS16684,ED14441
EH860250,CJ98908
CW103665,CW103665
CW882554,CW882554
BH24629,BH24629
DE255515,DE255515
DE231438,DE154133
AL253013,AL253013
BY537787,BY537787
DS69033,DS69033
CG82676,CG82676
CG37679,CG37679
DB38403,DB38403
AZ16508,AM90124
EH204731,EH964198
EH99998,EH99998
BY285348,BY285348
BN283834,AN51713
CW130775,CW650361
BK37217,BK37217
DR105588,DR105588
EH403205,EH403205
BN121788,BN102046
EH206469,EH680611
BL304647,CJ65464
AK109910,AK109910
CW98725,CW318910
EH29765,EH29765
CW370275,BR132564
BH144901,BH144901
AX47561,AX47561
BL224996,BL70483
EH856187,EH856187
DL161700,DL161700
DR91255,DR91255
CG49065,CG49065
DE96432,DE72527
CA26720,CA26720
AS5162,AS5162
AK86393,AK86393
BL289997,BL289997
EH755185,EH390230
EM28418,CB79162
DB234625,DB234625
CW670500,CW670500
EH406151,EH1157131
BL203152,BL203152
EH38993,EH38993
AL73270,AL230211
BJ27318,BJ27318
BY13013,BY99264
DH29514,CJ51007
DA87948,DA87948
CW168962,CW422713
BN386572,BN386572
EH147550,EH147550
EH697919,EH662983
EH46187,EH133456
EH852999,BH66508
BN187787,BN187787
CP5273,CP5273
DE171522,DE147752
DJ10519,DJ10519
DL107520,DL259416
CW552002,CJ69652
BR97295,BR97295
EF20329,EF20329
EH35079,EH35079
BE132359,BE132359
CM24302,AD13445
AS67360,AS67360
AS14797,DL137033
DL111804,ES15089
DD60385,DD60385
DL142206,DL142206
DA58156,DA58156
CB12618,CB12618
DB198976,DB198976
BW50592,BW50592
EH430629,EH400665
CR8899,CR8899
BE308497,BE308497
CA84786,CA84786
BP32939,EM42835
AL121811,AL140396
BZ14287,BZ14287
AZ10571,BM45625
BB88790,BB88790
AX33020,AX35282
EH518665,BN303475
BE142968,CG42129
BF23455,BF23455
DL181309,DL181309
EH837617,EH837617
EH585030,BX10435
AW95632,AW95632
CW439364,CW439364
DE38565,DE122490
AL90515,AL334558
AA133677,AA133677
BN284806,BN284806
DE46906,DE19853
BL84110,BL84110
BE272359,BE200651
DL73237,DL73237
EH687454,EH687454
EH841635,DE235483
CG133925,CG133925
BN16664,BN41263
DM14499,DM8663
DW62099,DW62099
EJ12559,BY294500
DL211559,DL211559
CW501066,CW477985
EH871097,EH871097
BR65935,BR65935
EH276697,BN155572
CL49356,CL49356
CW876163,CW876163
BE110553,BE149563
EH688266,EH688266
BL154683,CW139235
AA102571,AA102571
EH638122,EH638122
AR11753,AR11753
AL165958,AL165958
BR82690,CC58627
DY28276,DY28276
EH188664,EH334655
AW20990,AW101624
DD129822,DD129822
CW419017,CW419017
CL42883,CL42883
CW557304,CW568726
CZ35892,EH493601
DE147069,DE147069
CW718836,CW718836
DD138583,DD138583
BZ9178,BZ9178
CW833015,CW218725
CW166688,CW166688
ED13077,ED13077
CW625558,CW625558
EM68956,EM68956
BL50148,BL50148
EG39135,EG39135
EH439340,EH439340
BL231418,BL231418
BG16055,BG16055
EH849498,EH849498
AS2630,AS2630
AN159770,BZ48756
EH52303,EH52303
EH717163,EH717163
DX4267,DX4267
CW253807,BY521090
EH670494,EP7862
BK16345,BK16345
EF42320,EF42320
EH277916,EH277916
BE299423,BE299423
BZ19547,BZ19547
BH91241,BH91241
BE64792,BE64792
CJ130017,CJ130017
AW122762,EH665102
BL329396,AB38028
BL172284,BL88640
BD105565,BD105565
DL212266,DL245942
BE123357,BE155060
BN14520,BN63958
BN417178,BN417178
BM33741,BM33741
BN77949,BN222787
EM40986,EM40986
BL284510,BL284510
BY434336,BY391129
CW864222,CW763786
BY346063,BY346063
CW16024,CW157470
CZ7936,CZ7936
DL194598,DL194598
EH858326,EH283148
BE247299,EH672679
BN417528,BN385420
CW875078,CW875078
EH223436,EH223436
AN106218,AN106218
EH341751,EH357094
EN60243,DD176057
DB162155,DB162155
BK37471,BK37471
BD90486,BD90486
EL21004,EH181518
DT80832,DT80832
EG50813,DH38399
BR150279,BR150279
DY13878,DY13878
CW891312,CW1324080
CX10291,CX10291
DB197024,DB113289
CS26548,DL187215
EA25258,ER23941
AN34109,AN34109
AH17593,AH17593
CW761460,CW761460
DS101569,DS101569
EF50254,EF50254
BN384523,BN384523
BZ25245,BZ25245
CW796388,CW796388
BE295417,BE295417
EH704768,EH362485
BY158637,BY135255
DL82444,DL82444
BY57939,BY57939
AX23281,DE140876
EH559590,EH559590
CW223593,CW435033
BY357267,BY357267
BE16166,BE16166
DE206011,DE206011
EK18217,EK18217
BY372612,BY372612
CW144148,CW223015
DD93571,DD93571
EH138329,EH870383
EH167143,DL48076
CW297957,CW461431
EF145780,EH1285030
CG12656,CG12656
DX14830,EH197180
CW515244,CW515244
DL168104,DL168104
DN100962,DN100962
BN350154,CJ28703
CW526750,CW526750
CW664198,CW349718
CG47244,CG47244
EH536144,EH536144
AA153430,AA153430
EH116715,EH116715
BL68569,BL68569
DT134059,DT134059
DR25408,DR25408
BR60143,CN73066
BL148598,BL336933
BK35731,BK35731
BS4008,BS4008
CA64979,CA64979
DD12573,DD12573
EH88262,EH88262
BW44573,CG110553
AP68157,EF11069
DR86926,DR86926
DB68950,DB68950
AC3484,AC3484
EH174558,EH382294
EH784385,EH784385
AW147249,AW147249
BH35737,BH35737
CW343465,CW59502
CW404418,CW404418
DD33213,DD33213
EH647043,EH647043
DE222314,DE222314
BN55094,BN65261
EF83525,EF83525
DN84126,DN84126
EH49190,EH49190
DL129019,CC116134
EH592050,EH592050
CW684795,CW728312
EC15395,EC15395
DB209092,BL166837
BL134954,BL134954
BJ24126,BJ24126
AN133379,EB2821
CW100233,CW226298
EH185142,EL37267
BY86036,BY139877
CW264641,CW104186
CR21263,CR21263
BN167905,BN167905
EH530721,EH948700
BE71744,BE71744
BK34868,BK34868
BN345131,BN345131
EH111674,EH111674
DA56526,DA56526
CW536194,CW536194
CM9523,CM9523
CK5036,CK5036
CW639135,CW639135
CW141874,CW417070
BE19148,BE50137
BL182542,CW157440
DR108449,DR108449
CW246303,CW246303
BY128792,BY71564
EF154221,DT91133
AK43835,AK43835
AX25216,AX25216
AA166023,AA166023
DD72424,EH547796
BE271508,BE271508
DE4063,DE101465
BL358344,BL358344
BE282189,BE282189
BN373089,BN373089
CZ65546,CZ65546
BE63985,DD141811
BC22290,BC22290
CW273893,CW273893
CB32638,CB32638
EM74601,EM74601
DT10788,EN18914
DR49618,DR49618
BN274055,BN438103
EP72457,DG46029
CT37263,CT37263
CW98309,CW504961
CZ59399,CZ59399
CZ60998,CZ60998
EF149492,EF149492
EH326197,EF159524
AN162577,AN162577
CW19417,CW19417
AF5557,AF5557
BL152695,BB77045
EH353943,EH353943
BY300660,DA53272
DR21295,DR21295
BE321516,BE321516
BE129822,BE55293
BY378605,BY378605
BN365850,BN365850
CW312032,CW461431
BB47384,BB47384
BY114408,BY47868
BE204820,BE204820
EH16745,EH16745
EP79962,EP79962
DB208666,DB208666
CW58841,CW58841
DL14228,DL14274
DL158293,DX2422
EH474968,EH474968
EH679980,EH679980
EH641077,EH641077
CZ22077,BW25020
EH394377,DD65535
DT61814,DT61814
EH167251,EH167251
BP44506,BP44506
DB194418,DB194418
BL274276,BL235546
EH840456,EH840456
AA86437,ER2437
DL61877,DL29716
AW96383,AW96383
EH643962,EH643962
CH37843,CH37843
BN83964,BH125679
BN120446,BN120446
DX50834,EH845815
CW664560,CW700561
BH24265,BH25617
BN56913,BN512250
DR61048,DR61048
EH773127,EH773127
BL75159,BL41261
BY358732,BY358732
BN104432,BN104432
CW600273,CW600273
BY285161,CB79162
DF6048,CM49534
CW155459,CW241149
DB71015,DB71015
DZ4327,DZ4327
EH438344,EH438344
BD45424,BD45424
BN124036,BN124036
EH334388,EH124996
BY518571,BY518571
BB89937,BB89937
AW181450,AW181450
CB69298,AL36714
AZ17035,AZ17035
CC47985,CC47985
EH283391,EH283391
EH126271,EH126271
EF111594,CW430562
CW143912,CW41018
CX5828,CX5828
CB28950,CB28950
CK3336,CM3844
EG27482,EG27482
AA82818,AA82818
AW28795,AW56054
BE118100,BE118100
EH6308,EH6308
CM50110,CM50110
BY537341,BY537341
BY321774,BY48248
BN233597,BN233597
EH447043,EH447043
DA7650,DA7650
CJ136339,CJ136339
EH852050,EH852050
BN228279,BN184173
CG16763,CG16763
EH129122,EH76254
EH198197,EH203567
AN71476,AN71476
CG103178,CG103178
BY97199,BY484343
EA43081,EA43081
BN52380,BN32485
CW499784,CW246807
BN357220,BH129352
CA16333,CA16333
EH381346,EH381346
AN150325,AN150325
AK45675,AN60411
AN22228,AN22228
AL39232,AL39232
BY85184,BY75662
EH581891,EH581891
DZ56930,DZ56930
CM34412,CM34412
EH36712,EH36712
DE89078,DE89078
DH16837,CW103665
BY250469,BY409679
DE65348,DE118787
BR31697,BR31697
BT3048,BT6367
CG109763,CG109763
AX56018,AX56018
EF81831,EF81831
EF8946,EF8946
BD118751,BD118751
BW4090,BW4090
BC39258,BC39258
DX50762,DB220364
AN41797,AN41797
DA27051,DA27051
DC18826,DC18826
BY566591,BY79759
DE166176,DE156078
AP53702,AP16054
BH97532,BH97532
CW414319,CW245383
DB222993,DB222993
DX12965,DX12965
BN72502,BN33667
DN122006,DN122006
DA100642,DA100642
BE267095,BE186557
EH650370,BH66508
EH21055,EH21055
CC103618,DL187215
AS48043,AS48043
CW853634,CW853634
BH124632,BH124632
BN72710,BN72710
EH296642,EH195826
DP39935,DP39935
DW8744,DW8744
DX47427,DX47427
CX19974,CX19974
BL35615,BL35615
EH32949,EH32949
EJ3309,EJ3309
EF149091,EF149091
CJ21569,CJ21569
BH8511,BH8511
DE213812,DE213812
EM30412,EM30412
DW57988,DW57988
AN89590,AN89590
BY191622,EM54760
BB18496,BB18496
BL346601,BL346601
BG8369,BG8369
BL333542,BL333542
BH123142,BH123142
BL205737,BL205737
CM8796,CM8796
EH41439,EH41439
DH23505,EL37267
DD86763,DD86763
EH147194,EH398502
DR42515,DR42515
BR11145,BR11145
DZ58242,DZ58242
DR108570,DR108570
EH389909,EH213889
CH43012,CH43012
EH459535,EH459535
BM62814,BM62814
BN221214,BN221214
BY421462,BY421462
EB12755,EB12755
AB15094,AB15094
AL242790,AL336274
BN274892,BN274892
CS28553,CS28553
CW414319,CW480361
EH49832,EH63851
EH38761,EH38761
CZ66616,CZ66616
EH654450,EH799564
CW728015,CW1283416
BN203852,BL54516
CW273419,CW276438
CW355560,CW355560
BH127436,BH127436
BE88034,BE20996
BR169744,EL72729
DG41523,DG41523
DE238549,DE238549
EH11498,EH11498
EH488030,EH488030
BK33768,BK33768
CW883729,CW1334811
EH306772,DN50615
DR14285,DR13627
DP44252,DS98965
BY565644,BY565644
BK40529,BK40529
BY358838,BY280885
DT116138,DT116138
BP27569,BP27569
BY101454,BY297306
DB111377,DB111377
BE198802,BE198802
DG33020,DG10538
BR158083,BR158083
EH82416,EH120358
DX17637,DX17637
EM52966,EM52966
CL34456,AP28017
BN220331,BN220331
EH563285,EH563285
BN232524,BN232524
BY337488,BY413913
EH463094,EH463094
AL190474,AL190474
EH376523,EH376523
EH413525,EH413525
EH849536,EH849536
CE21628,CE21628
CW174786,CW4465
EP66458,BE334245
DB171033,DB171033
DL143657,DW34489
CW223852,CW859962
CC83765,CC83765
EH856496,EH856496
EH168382,EH168382
CH38858,CH38858
DL65563,BL77333
AA22298,AA78599
CW162022,BE318973
BN106008,BN147302
CW350198,CW350198
DL65823,DL38390
DB208173,DB208173
BN250671,BN250671
BW3447,BW3447
EM75916,EM75916
AW166848,EL66044
AK16198,AK16198
EF85284,AN58164
CW227581,CW219665
CW870913,CW870913
EH475518,EH475518
EH81281,BE87153
CJ95668,CJ95668
EL71031,EL71031
BZ11312,BZ17627
CB75130,CB75130
BR153521,BL369290
BL285008,BL285008
DL176446,DL176446
BL349254,BL239349
EH166472,EH166472
CW886433,CW913218
EH852999,AZ9974
DZ28077,DZ28077
BE324631,BE324631
CM54057,CM54057
DK14692,DR27725
EF68929,ED37633
AT18669,AT18669
BC55897,BC55897
DR53877,DR35607
DE53909,DE7299
EH288693,EH288693
CW867133,CW896498
DB186860,BY568749
AL46656,AL46656
DL174083,DL174083
EH5859,EH5859
EH316090,BM46128
AA153855,AA153855
CW236675,CW463387
BH16704,BH16704
BN403471,BN403471
BN188285,BN188285
EH408661,EH408661
DE258212,DE258212
BC22207,BL322249
EF143721,EF143721
BN264249,EM17721
CW282572,CW683703
BM52543,BM52543
AW162467,AW162467
BL18848,BL18848
BY515020,BY515020
DN86406,BE179246
EH40951,EH40951
AW4124,AW4124
BL200258,BL200258
DT22934,DT22934
BL170660,EJ11302
BS7289,BS7289
AK68025,AK68025
BL186761,BL186761
BN336546,BN336546
DL186086,EP79569
DA88688,DA68469
BN4956,BN28696
BY495707,BY495707
DR80933,DR80933
CW410776,CW410776
AN56449,AN56449
CG119436,CG119436
EM62405,EM62405
DA77651,DA77651
EG16500,CW1006612
EH700756,EH700756
BL321382,BL321382
CG100845,CG100845
BY403107,BY403107
EH718923,EH718923
DB26659,DB26659
BY517638,BY517638
AS73551,CK5851
BY563132,BY563132
CW598314,CW598314
AW85425,AW60369
BY512322,BY512322
BN111411,BN67827
BS8508,BR169037
DD135610,EM102086
CW711267,CW1025169
CW834833,CW834833
BY395229,BY346477
CN11103,CN11103
AN29882,AN29882
BN17019,BN17019
CW854731,CW248647
DB99369,DB97925
DB145530,DB145530
BY563736,BY563736
AK86160,AK86160
CW878720,DT135795
AL201880,AL201880
BL123105,BL123105
EM64666,EM64666
DG27830,DG27830
BL154341,BL154341
EH489437,EH489437
DT99551,DT99551
CW280459,CW467749
AM88102,AM88102
AK104693,AK104693
ED31699,ED31699
BL57518,BL57518
BN182870,BN182870
DT38405,DT38405
EH852999,EH493601
CW891785,CW891785
DB54364,DB141155
CW316101,CW316101
DZ4902,DZ4902
DL200321,DL200321
CC25277,CC25277
EM28418,AY43072
EH76200,EH76200
BL303892,BL303892
DR21968,DR21968
EH112300,EH112300
BN244915,BN244915
EH104339,CG130106
DL82831,BW9015
EH561146,EH561146
BN319895,BN319895
DL32313,DL29807
BF23141,BF23141
EH416123,EH416123
BC58228,BC58228
EH299252,EH269036
BL117872,BL447902
EH850879,EH850879
EF54904,DD213645
AP34080,AT10960
BY486134,BY486134
EH740125,EH800968
BE20665,BE20665
BN346521,BN346521
BY258565,BY258565
CC83424,CC83424
CW467004,CW431933
AF23976,AF23976
DG50023,EC12303
AL176509,BP43071
DL208306,DL208306
BE61138,BE48602
DL146032,DL146032
BY272009,BY272009
BN346707,BN346707
EH258005,EH258005
BE214937,CW896498
DY16390,DY16390
AA76945,EH112660
EJ14913,DN132037
BY431787,DE122490
AP8423,AP8423
BB43938,BB43938
DE233604,DE233604
DT138130,DT138130
EH23111,EM37122
CZ67925,CZ67925
AW25342,AW25342
BN383291,BN129052
BY441898,BY327127
DR71472,CE37655
EA23743,AY18690
EH205043,EH205043
EF47032,EF47032
AK102385,AK102385
BR148368,BR148368
EF11069,EF11069
EH511527,EH511527
DX15866,DX15866
DE188149,DE188149
CG135021,CG135021
BX20658,BX20658
BL102102,EK3757
CE27681,CE27681
CW172447,EF124045
DL14562,DL14562
EH100381,EH100381
CW159940,CW60405
BL368464,BL125338
AK8621,AK8621
BH106768,BH106768
DA92744,DA92744
DZ29653,AL65047
CW898809,CW898809
BR52768,BR52768
AN159267,AN159267
DS96136,DS96136
CC33377,CC33377
AN87801,AN87801
DB208362,DB131396
BY532668,BY532668
EP65394,EP65394
AM19181,AM19181
DX15748,DX15748
BR136359,BR136359
DP41640,DP41640
EH90445,EH90445
BY190927,BY190927
EH211840,CW214091
CN26953,CN26953
CW398898,CW398898
BY449510,AL71663
AW119465,CG42129
AH15907,BD38840
BZ8641,BZ27957
DY24965,DY24965
AK86516,AK86516
EH666378,EH666378
EH770856,EH770856
AN142276,AN142276
EF72817,EF72817
BR55812,BR55812
BN5164,BN30402
BL208492,BL259687
BH148186,EH144246
CW529880,CW337147
DB204410,DB204410
CY20394,CY20394
CW330887,CW696086
AN139115,AN139115
BL203068,DB97373
EL70626,EL70626
EH684903,DP33811
BK37219,BK37219
DJ7156,DJ7156
CL23626,DL132937
DN63528,DN63528
CW141874,CW386447
DB91766,DB54571
BY137111,BY137111
BY512443,BY512443
EH874405,EH874405
CW672759,CW672759
EH329962,EH329962
CA17925,CA17925
EH567526,EH567526
BN128371,AA97172
DR44089,DR80246
AD27449,AD27449
DZ41823,DZ41823
CN7755,AW179510
AA104993,AA104993
DL186251,DL186251
DD61672,DB76135
BD26483,BD26483
AK95341,AK95341
BH22219,BH22383
EF55928,EF55928
EH174459,EH269036
DB131515,AN60411
BZ4713,CW139235
CW881116,CW690720
BY344572,BY62978
BN36444,BN36444
BY350235,BY350235
BL234867,BL234867
BY241382,BB32460
BY532989,BY532989
BJ10463,BJ7918
CG99316,EA16361
BR12893,BR12893
AA69721,AA69721
CK4809,CK4809
EM33703,EM3762
CW233588,EF72817
EH313827,EH423289
EH595650,BY198628
BL66119,BL44518
EH625990,EH346741
BZ30787,CT57463
BN54694,BN63832
CW630666,CW597430
BL330302,BL330302
EF159239,EF159239
DT87386,BP33068
EB61852,EB61852
EH9784,EH9784
AL137958,AL137958
CG56869,CG56869
EH198239,EH198239
EH190152,EH190152
EH756309,EH756309
CG130762,DX46676
EG37568,BP40638
AP45364,AP45364
CW578373,CW304299
BL363173,BL363173
EJ12559,AA156759
AW5334,AW5334
AY31910,AY31910
DA95505,DA95505
EH408330,EH408330
EH450477,EH450477
BY545823,BY545823
CW387787,CW387787
EH56309,EH56309
AW99892,AW99892
BJ30838,BJ30838
EH211107,EH303176
BN321739,BN354043
CW379522,CW379522
EP47191,CC90770
CH11101,CH11101
CW282987,CW282987
DD5942,DD5942
CJ14820,CJ14820
EH743561,EH192550
EH480244,EH480244
CY14602,CY14602
EH667579,EH23149
AN89935,AN89935
EP82016,EP82016
BN26997,BN27703
BE103022,BE103022
EB63921,EB63921
EM11366,EM11366
AW114390,AW105545
CW116540,CW102065
BY466988,BY466988
CW508640,CW452646
EH644468,EH644468
DL62677,DL234400
CZ46321,EM5400
CW752522,AN162993
BZ31155,BZ25552
EJ22950,EJ22950
BY52894,BY120945
BB11088,BB74587
BZ41270,BZ13622
BN268868,BN268868
DY33920,DY33920
DE127186,DE127186
BY185941,BY219396
EL39769,CW399806
CW338361,CW1073063
BN27120,BN52482
CW372379,CW295880
EH31367,EH31367
CG18057,CG74876
DR106723,DR106723
EM59400,EM59400
DC10050,EF126504
DY30840,AL268141
EH59882,EH59882
CW650867,BY387699
DE94787,BL283003
CM25838,CM25838
BR14790,BR14790
DS17197,EH192550
AA120923,AA57766
CX6428,CX6428
BD72206,BD72206
DT113466,EH412831
CW672288,CW672288
CS19525,CR5210
DT94256,DT94256
AA133924,EH551265
DZ9159,DZ9159
CE4147,CE4147
BL320793,BL320793
CW896449,CW896449
EH277129,EH277129
EH601741,EH601741
DD24032,DD24032
EH874982,EH874982
EH124264,EH124264
EH218522,EH1180751
BN358925,BN358925
EH849943,EH849943
BK40465,BK40465
CT22838,DB77077
EH369316,EH190133
BN267859,CW419348
EH442584,EH264146
EH81943,EH81943
DB231652,CG187694
CC41772,CC41772
EH492459,BL283003
BN264249,EH384210
EG30635,EG30635
BE325003,BE367282
CW508418,CW635110
BN173095,ER30679
AW102589,AW134547
AB17365,AB17365
CJ66009,CJ66009
EH124324,EH124324
BG15013,EH163015
CM24302,AN162821
DE94974,DE94974
EH777589,BN432302
BR2827,BR2827
BN61594,BN64240
DE121853,DE18414
DX14830,BB49478
AA134124,DK18707
BR141043,BR141043
BN399323,BN399323
AL196278,AL196278
CW419233,CW526754
CH45150,CH45150
CC48060,CC48060
CG117945,CG117945
EH473459,DB196807
EF8373,EF8373
BN413639,BN413639
DR30168,DR30168
BN118500,BN243242
BY337488,BY693353
DP34867,DP34867
CW288583,CW162520
ED41370,ED41370
BE36163,BE36163
CW204350,CW320045
CW178806,CW178806
CW844523,CW844523
BE252048,BE115634
BK23738,EM42835
BN203852,ER32102
AW173168,AW173168
BY241382,AD13445
AW25472,AW25473
CZ38190,CZ47216
AA88663,AA88663
CW412259,CW412259
EC14086,EC14086
AN56280,AN56280
DE143413,BP22795
AK71928,AK71928
CW417738,CW76752
BN69309,BN12863
CS2769,CS2769
AG25932,AG25932
CG106466,CG106466
CJ34662,BR45441
DX11919,DX10508
CJ97072,CJ97072
BK24530,BK24530
DD120948,DD120948
CJ136047,CJ136047
DL179692,DL107459
BE64547,AP17470
AG36369,AG36369
EH847742,EH847742
BR115651,BR115651
EH97828,EH500524
CA91553,CA91553
BB79416,BB79416
DT44567,DT44567
EH161122,EH492423
EH564863,EH564863
CG3583,CG3583
DD82462,DD82462
BY504939,BY504939
CJ118268,CJ118268
DL195775,DL195775
BN412970,BN412970
BE246251,BE246251
CW493109,CW598737
EH96535,EH96535
CS15465,CC90770
DR101238,DR13557
AD24526,EH750840
CW373754,CW671428
CJ131093,CJ131093
AW51517,AW86058
CR18047,CR18047
BL184912,BL184912
BH85239,BL191617
EH362188,EH24451
BP54311,BP54311
BL224371,BL48244
BN418948,BN521005
BG31161,CG94810
BJ10093,BJ10093
BA3189,BA3189
BL366261,BL366261
CG111355,AK149426
CW440970,CW226298
BY173504,BY59272
EB37581,EB37581
DY16519,DB59601
EH142713,EH142713
BE227839,BY299005
BH6301,BH6301
CJ136330,CJ136330
CL35670,CL35670
BE116560,BE57951
EH842289,EH842289
BR82625,BR82625
AA102375,CW685847
CW636545,CW636545
DR44359,DR44359
BE190646,BE42731
DE86168,DE86168
EG11091,EG11091
EH170137,EH170137
CW302465,CW302465
DZ33731,DZ33731
CP11503,CT16707
AN149236,AN149236
EH376924,EH671742
EH262149,EH141405
BN160164,BN158732
AA156759,BY521090
EJ12559,AG38730
CJ144096,CJ144096
EJ17747,EJ17747
CZ48303,CZ48303
AK61336,AK61336
DT99001,EH497165
DL195820,DL195820
AW125307,AW180582
AB15593,AB15593
EH779852,EH779852
EH307877,EH307877
BE129822,BE140712
CM43804,CM43804
EH468316,EH468316
AH22531,AH22531
EH255078,EH255078
CS15882,AH12999
EH733200,EH733200
BE323524,BE323524
CB31087,CB31087
EH309824,EH392819
AG38068,AG38068
DT74048,DB59601
EH720286,EH720286
BE317919,BE317919
CW322729,CW1375917
CZ70058,CZ70058
CM17941,CM17941
BW40677,BW40677
DE127030,DE119804
CW756482,CW756482
EJ12559,CW253920
CW882630,CW882630
BR76035,EH23149
EN3744,EN3744
CW563138,CW563138
EH276697,EH436540
CW535625,BB62633
BN233902,BN233902
DE257904,AS44574
EF85284,BP33068
BN92126,BN90257
EH349664,EH345293
BL295822,BL295822
BN362668,DE227972
DH14825,DX22236
EH743585,EH743585
AL84160,AL83755
CR4399,DD58995
BY480373,BY480373
BL99868,BL99868
DN86406,CN88132
AA31522,AA31522
DE154392,DE196423
AW100396,AW100396
EJ25538,EJ25538
EF55462,EF55462
BL31532,BL31532
BN284120,BN284120
CJ39943,CJ39943
BY312801,EP47351
EH439453,BN326041
CW201860,CW226044
BL46518,DL141616
CG95943,CG95943
CZ36001,CZ36001
CW892733,CW732832
DB8900,DB8900
DB156621,DB156621
CW468983,CW468983
AW128780,AW128780
BY340125,BY340125
BY223613,BY178442
EH652857,EH652857
BR112950,BR112950
BG9704,BG9704
DW57811,EF105027
BL384100,BL384100
EH357094,EH357094
CG64047,CG64047
EH346766,EH754253
AA5634,AA5634
BN45929,BN56230
DY15565,DY24157
DR58910,DR58910
DD33788,DD33788
BY546252,BY546252
EH107743,CB33789
CW686945,CW686945
DD119000,DD119000
DR108352,DR108352
CW176466,CW176466
CC25784,CC84428
EH227411,EH227411
AP80907,AP80907
BD45154,BD45154
AW42263,AW83533
BL43590,BL43590
BG20264,BG20264
CW251184,CW357056
EH12950,EH12950
BD85964,BD85964
DC2657,DC2657
DA68809,DA68809
BC3189,BC3189
EH435449,EH435449
CW142092,CW142092
EG10636,EG10636
EF145625,EF145625
BN412609,BN412609
DL215799,DL225792
BL49939,BL49939
DZ18983,DZ18983
CC3071,CC3071
DT103905,DT103905
CW397297,CW685847
BW33625,BW33625
DB121470,EH689318
EF78299,EF78299
EB39230,EB39230
EF146259,EF146259
AB35624,AB35624
AD24973,DB160633
EA32104,EM92393
BN357755,BN357755
CW242103,CW242103
DR39716,DR39716
CT45858,CT45858
DB201757,DB201757
DL212963,DL212963
DR3396,DR3396
BL322285,BL322285
DE191155,DE216650
DA46309,DA46309
CW838473,CW838473
AX15609,AX15609
BY537172,BY537172
EH133819,CN42300
DN127969,BL455151
BN263365,BN263365
AN37830,AN37830
AN163124,AN163124
BY127370,BY84504
BL224429,BL224429
BN208735,BN208735
DE250336,CJ128631
EH606494,EH606494
EF157372,EF157372
DX50834,CK12586
DR86624,DR86624
CW501066,CW309751
BH42796,BH104980
DE214382,DE214382
BE327001,BE327001
AW25579,AW25604
EH85900,EH862880
BY125278,BY172468
DT38527,BL133431
EH261573,EH261573
CC66346,CC66346
BC50127,BC50127
BY56281,BY56281
BL379446,BW54422
BD58613,BD58613
DN50492,DN50492
BE252048,BE62524
BY288770,DA100744
CB47745,DL94330
BL234062,BL259036
AA156638,AA156638
DL129884,DL117710
BN19445,BN19445
CL38574,CL38574
BY524639,BY524639
DT87386,AN58164
BR149636,BR149636
BD77214,BY7933
BD101200,BD101200
DE14430,BL14369
EJ16163,EJ16163
BK21769,BK21769
CW116540,CW558232
BN140716,BN140716
BL351983,BL351983
EH802039,EH802039
CW67531,CW210256
DR79603,DR79603
BL125243,CA35303
CZ35892,EM34455
CG108817,CG108817
DL164521,CG42129
EH834943,EH834943
AL242511,AL181398
AN159500,AN159500
CW351642,CW37696
CW279038,AL315964
CW386896,CJ28703
AL233929,AL233929
AA144148,AA144148
DL35370,DL3866
CW208970,ED22956
EH346766,EH374608
BY139223,BY368240
EB59360,EB59360
EH346507,EH517162
BL345203,BL345203
BK43587,BK43587
CW391969,AW125171
BN405898,BN405898
AM66142,AM66142
DE178983,DE297726
EH260835,EH260835
EH88969,EH88969
BE136033,BE136033
EH129672,EH129672
DX2570,DX2570
EH261288,EH261288
BR62454,EH196093
BW48726,BW48726
CW519511,CW519511
EB53447,EB53447
DB145530,DE213812
CW430278,CW430278
CJ41810,CJ41810
AW31002,AW94480
EH256877,EH24451
EH354394,EH354394
EN51535,AW114586
BL368448,BL319040
CC17926,CC17926
BN417528,BN266388
AA102375,BN207950
AJ21887,AJ21887
CZ11538,CZ11538
AW56973,AW56973
BN369138,BN369138
DR111007,DR19723
DT2572,DT2572
BY421187,BY421187
BR120752,BR120752
EH458449,EH458449
BL379313,BL379313
CW239902,CW239902
BR112477,BR112477
EF163694,EF163694
EH325255,EH325255
DH43074,DH43074
DB192553,DB192553
CM16566,CM16566
EF85536,EF85536
AB9164,AB9164
BL31478,BL31478
CG90120,CG76898
CC24102,CR7462
BY359312,BY359312
BM28868,BM28868
CZ61119,CZ61119
EH712434,EH712434
ES6703,ES5572
BN7066,BN43910
DB182099,DB182099
EH761866,EH761866
CW101126,CW318901
BY277012,BY281508
CW69973,CW211647
AW109140,AW109140
EH441963,BY443246
EH254751,BP4673
DN114344,BZ31155
DT44163,BY593353
EH12484,EH207545
CK7622,CK7622
BL15537,BL78399
BW39659,BW39659
AW10102,AW10102
AN160800,AN160800
AJ11843,AJ11843
AG17516,AG17516
DT24224,DT24224
BN45929,BN68631
AL180208,AL180208
CA72626,CA72626
DP22028,DP22028
AX50394,AX50394
EH422967,EH422967
EH692451,EH15326
CW56423,CW134299
DN67920,DN96579
DB226622,DB226622
AA99728,AA99728
AW25604,AW25604
BE277148,BE277148
AA164799,AA164799
BN152954,BN220564
CG22314,CG22314
BK21632,BK21632
BY122349,BY210001
EH867670,EH867670
CG99316,AM6199
AM80968,BH144394
EH360890,EH83811
CR7462,DS89737
BL19713,BL19713
AA166800,AA166800
EH616342,EH616342
BL312052,CG63744
EH668186,EH668186
DE78852,DE92386
EM55276,EM55276
EF95652,EF95652
DT127097,BH184171
AE12220,AE12220
CW684795,CA102063
CW283203,CW390188
BE74240,BE374894
BY503686,BY503686
EF122689,EF122689
ED40033,ED40033
DN84126,DN83466
EH234176,EH345293
AW76072,AW50001
DD117256,DD139038
BZ53549,BZ53549
BE63080,BE45248
CY19398,CZ64127
BR31546,BR63856
EH167143,EH167143
EH339000,BL330283
EH241720,EH241720
AK47580,AK47580
CW527446,CW314635
EH418115,EH418115
BZ26356,BZ43803
EH405531,EH405531
EH86935,EH86935
BN343163,BN343163
CW19827,CW19827
CW16024,CW16024
DR65261,DR65261
BH136490,BN227586
AA85912,AA114296
AA76572,AA130062
BE8408,BE8408
DM13006,DM13006
DC17705,DC17705
DN31395,DN31395
DL108887,DL108887
AH20509,AH20509
EH133736,EH133736
AL40893,AL40893
BY533270,BY533270
AN90408,AN90408
DL143657,AY43072
AL32881,AL32881
CH45385,CH45385
AA108793,AA73951
DN89659,DN18671
CW499806,CW477539
EH286877,EH286877
EH262076,EH262076
EH65962,BD9954
EC9863,EC9278
CW519153,CW306886
EH452926,EH786513
BY129962,BY484343
AW114505,AW114505
AK18595,AK18595
EH20420,EH20420
CW396133,CW396133
AA100202,AA57766
BL353300,BL353300
BG37461,BG37461
DL99243,DL99243
EH150188,EH150188
AA11587,BL476037
CW852300,CW1319993
DT115699,AK149426
AX53470,AX53470
BR40078,BR40078
BY365848,BY365848
AN40142,AN40142
DL61877,DL125752
EH219712,EH219712
BE175447,BE71687
DD121336,DD85925
BW10841,BW10841
EF97290,EF97290
BR123428,BR123428
BY520011,BY520011
AX14576,AX14576
BA13018,BA13018
CH18137,CH18137
BK19107,BK19107
EH195096,EH195096
EH65787,EH56597
DB31583,DB31583
AJ9784,AA19172
EH279684,EH279684
AL199510,AL199510
EN53430,EN53430
CJ140696,CJ140696
ER20500,ER20500
EH399960,EH399960
BY102619,BY102619
EH122021,EH122021
EH715008,EH715008
BN57127,BN39686
DL209870,DL209870
DC2963,DC2963
AW180891,AW180891
EH34133,EH34133
EG2157,EG2157
CW21528,CW158497
BE279821,BE279821
EF117863,EH384210
BL37890,BL37890
BL52077,BL52077
AA123366,AA123366
EH66853,EH66853
DE174350,DE186242
BN315935,BN315935
BK19137,BK19137
CM40365,CM40365
CW20681,CW20681
BN30745,BN30745
BL284544,EH129454
CS18920,CS18920
AA151892,BN485536
EH850187,EH850187
AA150201,AA150201
EH31353,EH31353
BY30511,BY30511
CM40018,AS55164
CG48216,CG48216
DH44127,BX12719
AN52904,CZ99613
EH834624,EH834624
BZ9201,BZ9201
AN31510,AN31510
DR55407,DR55407
DT74048,EH362485
CL46486,CL46486
EG12360,EG12360
BY267148,BY267148
DB41653,DB41653
BN255503,BN255503
CD17211,CD17211
CW893498,CW893498
BN70118,BN32485
EM83555,DT141157
BN70274,BN27703
DE255549,DE255549
DM29162,DM29162
BH96550,BH96550
AN65601,AN65601
AA158367,AA158367
CZ77763,CZ77763
EF15802,EF15802
EH839833,EH839833
EH428968,EH428968
CC106918,CC106918
EH290126,AP66118
DR106402,DR106402
BE311411,BE311411
BW50580,AP45901
BN88183,BN88183
EP47191,CP26734
AA8456,AA8456
BE243103,BE291527
DE41763,DE53572
CW362583,CW425327
BN266110,BN266110
AX24640,AX24640
CW438875,CW268900
EH643822,AG38068
CC101463,DB214820
BM29443,BM29443
BR97158,BR134648
BK35197,BK35197
DD119752,DD119752
AX31013,BX14944
DL100680,DL73331
CW211205,CW279483
DT29310,BG49802
DE220602,DE220602
BL327250,BL327250
BZ14772,BZ14772
AS55834,AS55834
BY477183,BY474913
EF86554,BN317902
DN60463,DN60463
EH322408,EH322408
AM18456,AM18456
BM63361,BM63361
CM40018,DB76135
EH42425,EH42425
EL43606,EL43606
DY16519,AN51713
BZ32821,BZ32821
EH526301,EH526301
DL61523,DL55330
EL5125,CS14024
BL205659,EH551993
BL169555,BL169555
BE195077,BE195077
BL377574,BL377574
AA40187,AA40189
BE294798,BE294798
BZ47873,BZ47873
BN312096,BN312096
CW438769,CW196237
AD12434,AD12434
DT109195,DT109195
EP51284,EP51284
EM60702,EM60702
AW82317,AW82317
BY339626,BY339626
DG30079,DG20502
AH8417,AH8417
BY122854,BY122854
EH217083,EH89033
CW52523,CW110510
EH107753,EH107753
BY408640,BY408640
BY557083,BY557083
BR156682,BR156682
DM25181,DM25181
CW35807,CW26171
EP48154,EP48154
DL7758,DL3076
CW414286,CW441521
AW25706,AW3314
BH74238,BH74238
CW419233,CW250052
BM5134,BM5134
AA162475,AA162475
DT85839,DT85839
DB75097,DB137426
BL382185,BL382185
EL65588,EL65588
DA92251,DA92251
EH678759,BD64478
BF27496,BF27496
AG34585,AG34585
AS67811,AS67811
BY2577,BY2912
BD112714,BD112714
ER32649,EH627306
CW466233,CW466233
AL169000,AL169000
DR70463,DR70463
BF9995,AM6199
BZ12235,BZ12235
DR105588,AL148710
BB88585,BB88585
EM14306,CC142661
AL210470,AL210470
CW479329,CW1059173
CM24302,EF112348
CR2940,CR2940
EH854657,EH854657
BE245097,BE177454
DW48093,DW48093
EH782798,EH782798
EL73162,EL73162
BD108561,BD108561
BE269110,DE202389
BN300478,BN155572
EG13800,EG13800
AE7080,DK21812
CB54107,AL128163
EF155301,EF155301
BK41481,BK41481
CW784671,CW427357
CN62734,CN62734
EH378184,EH143348
CC90914,CC90914
AW17619,AW17619
BN90341,BN90341
BD92918,BD92918
CN73885,CN73885
BL51446,BL51446
EH781885,CG63744
EH540111,EH540111
EH487000,EH487000
EH588408,EH588408
CX19704,CX19704
EF24513,EF24513
CW283498,CW283498
CG80809,CG161883
BY510944,DA89593
EN30612,EN30612
CG102678,CG102678
BN283834,DB59601
CG111832,CG111832
CW417282,CW243065
EH171970,EH815066
CW35882,CW35882
CG46421,BE81099
BR119029,BR119029
BL211997,BL213972
BN388570,BN388570
BE277164,AN51713
EH153605,EH153605
AN143494,AN143494
CW425793,CW425793
CA92341,CA92341
CW306957,EH81875
BG35461,BG35461
DD116951,DD105359
DD124420,EH750840
CB41544,CB41544
BY241382,EH834083
EN41374,EN41374
DT92227,DT70128
BR149342,BR149342
EH246779,EH163167
BJ15773,AN71476
AJ30502,AJ30502
AK99789,AK99789
EF86294,EF86294
AL73270,AL250427
AA160389,AA160389
CT22996,CT22996
AS55829,AS55829
DS41297,DS41297
CN46449,AD2083
EH204463,EH204463
DS50716,EC12303
DE89525,DE18414
AM52863,AM52863
DY26839,DY13093
CW756180,CW756180
AW97433,CX15687
BE230758,BE230758
EF158759,EF158759
CW50435,CW50435
CW192464,EF111615
CT4025,CT4025
BM12330,BM12330
CW198294,CW161934
AW114871,AW114871
CX4501,CX4501
EH351690,EH351690
DJ2876,DJ2876
BN50115,BN50115
DL148404,DL148404
EH636335,EH636335
DK17567,DD41325
CW881418,CW881418
CK13015,CK13015
AW83398,AW83398
BN381482,BN381482
AS77257,AS77257
EF51026,EF51026
BE30514,BE30610
EH365832,EH365832
DR86109,AP88730
EH246067,EH246067
AZ12334,AJ8088
BN44082,BN44082
BR120194,CT26881
BY59329,BY156611
AA155713,AA155713
BR78523,BR78523
EH733062,EH733062
BY91661,BY450697
CW169028,CW478076
CW530980,CW672964
BN151876,BN151876
BY67020,BY67020
CW653496,CW631584
EH733694,EH733694
EB58984,EB58984
BD108243,BD108243
EF106216,EF106216
EH75418,EH75418
EH403966,EH403966
BL172638,CW533426
CW631584,DL169238
BY478684,BY478684
CA94358,CA94358
DR94996,DR106223
DE107570,DE299771
DE96788,CW613990
BL384141,BL384141
DY3296,CW129615
BN243664,BN387328
CT23495,CT23495
AP40606,DB59601
EH30795,EH30795
BN51627,BN41263
AN70427,AN70427
CE37082,CE37082
DW56999,DW56999
CB59534,CB59534
BL376785,BL376785
DE105208,BL270658
BP24969,BP24969
DE101610,DE101610
BH72045,BH72045
DM27538,DM27538
AM20276,AM20276
BE288492,BE458706
BN47871,BN45149
EH740008,DE87516
BE291685,BY517854
EH45321,EH45321
CW136850,CW202678
BB91596,BB91596
CL13803,CL13803
EH24089,EM18605
BN30642,BN55167
DE219334,DE219334
DX46550,DX46550
CW863060,CW863060
DE229520,DE229520
DW26526,BY119140
DL7847,DL17139
AW91965,CC104437
CW57339,CW57339
CC121153,CC121153
EM101488,EM101488
AX52561,AX52561
CW126643,CW228543
CG85126,BN395554
AL119384,AL119384
AK40070,AK40070
DP28819,DP28819
BY185941,EM13105
AN52477,AN52477
DX15687,DX15687
EH247451,EH247451
EH182843,EH182843
DS70133,BH71418
DT63929,EH263426
DS83737,BY362830
BN298143,BN470485
BX17808,DB304744
DA64517,BL191617
AA25535,AA25535
EH762981,EH762981
DZ49914,DZ49914
BH135555,CS26933
EH107502,EH107502
AL246761,AL246761
BN148002,BN148002
EH270218,EH294589
EH351966,EH351966
BL379683,BL379683
EH861117,EH861117
EH623369,EH623369
EH417754,EH417754
EH527387,EH527387
BL387837,BL387837
DE32153,AA163644
BE23590,BE23590
BY535975,BY535975
CJ139392,CJ139392
BY77591,BY77591
DL212859,DL14807
EH260106,EH260106
AA148039,DN83681
AA164468,DR105588
AK7030,CW850159
BL333393,BL333393
BL317703,BL317703
AW36963,AW36963
DB166695,DB96017
BR157814,BR157814
CH29219,CH29219
DN84564,DN84564
EH97646,EH97646
AB18686,AB18686
CW398832,CW647360
CW210359,CW268186
BZ13756,BZ13756
CM11607,CM11607
AK109199,AK109199
DY30960,DY30960
DE249894,DE249894
EH403964,EH219262
CW186647,CW395382
BL378922,BL378922
AL18086,AL18086
BL85360,CW377604
AL126247,BE53044
DP14891,BB117664
EG49400,EG49400
CA96953,CA96953
AW129370,BY125544
CW871806,CW871806
BL290248,BL290248
AA40499,AA15142
AA139531,AA139531
BH95123,CN45320
DJ12921,DJ12921
BH67903,BH67903
EH314464,EH314464
AL76808,AL76808
DK38449,DK38449
EH664452,EH22529
CW65919,CW65919
BE61331,CA95846
EH19699,EH609283
BE172386,BE172386
BE309397,BE351308
EH275410,EH113795
DT63060,DT63060
CW104223,CW47317
AA142046,BP16411
EH159118,AL128385
BY193178,BY351738
BH69937,BH69937
EH128187,EH128187
BC57892,BC57892
CG110990,CG110990
CW62080,CW62080
DA64517,EL65680
BD108204,BD108204
CN4622,CN4622
CY29364,CY29364
EH112660,EH112660
EA41908,EA41908
DR97770,DR97770
CW340331,CW340331
EH95287,BH125766
CW886107,CW886107
EF61016,CT39122
BL222380,BL222380
BX9242,BX9242
AA91846,AA91846
DB205901,DB205901
CW56420,CW148655
EA16898,EH469463
BE217342,BE228289
BN209641,DR85101
EH310114,EH1214550
EH24766,EH24766
BL341246,BL341246
BL181391,BL181391
DL7801,DL9459
EH338282,EH338282
DB81030,DB81030
DR101535,DR101535
DC20674,DC20674
BL38695,BL38695
BN45929,BN22695
CW876575,CW631967
DH34666,DH34666
BJ28876,BJ28876
BL369814,BL369814
EM28418,BB117664
CW72248,CW72248
BN168134,BN78749
CW39817,CW209032
AA147980,AA147980
DN90625,BN409104
AN105026,AN105026
EH226566,EH226566
CW891779,CW891779
EL39290,EL39290
DZ48563,DZ48563
CW187851,CW187851
BY18655,BY99506
EH710547,EH710547
EH327313,EH327313
BM54290,BM54290
EH375006,EH375006
DY32426,DY32426
BB44966,DB129090
EH466289,EH466289
BL319656,BL319656
EH870453,CG145035
EH65787,EH204256
CW808229,CW808229
BH108602,BH108602
CW414446,CW259111
EH281574,BL11310
BN88149,CN7573
EH553734,EH553734
DE236106,DE236106
CD8396,EH45321
EH586935,EH586935
CD5076,CD5076
BY453601,BY453601
CG11634,CG11634
EH836783,EH836783
CW892394,CW885562
BK4261,BK4261
BW52723,BW52723
CW178621,CW107416
EH581032,EH581032
CJ36460,CJ36460
BN164117,BN149415
BW44231,BW44231
BR152914,BR152914
CW503863,CW1079470
AN142555,AN142555
AA103242,AA103242
CW679894,CW444440
EH779311,EH556378
DD13695,DD59103
BD101879,DE61619
DJ8666,DJ8666
AW38592,AW70372
DE234328,DE234328
EH771052,EH771052
DL197463,DL197463
BJ21707,CC95200
DW57811,DB120122
BB60711,BB60711
DK31510,DK31510
DY16519,EM101936
EH561089,EH561089
BL352145,BL352145
AW125171,AW125171
BE101397,BE101397
EL73048,BS15380
AL91364,AL91364
DE220275,DE220275
CW419122,CW954257
BP15426,BP15426
DL85736,DL85737
BL28210,BL28210
BN328866,BN328866
BN249386,BN304133
EH680715,EH680715
AA163644,AA163644
AN127228,AN127228
DZ44615,DZ44615
AW184899,AW184899
AS34361,AS34361
DD41454,DD41454
DL209523,DL209523
BE268210,BE186998
EF106987,EF106987
AW184905,AN83831
EH404579,EH404569
CW151719,CW314550
BC40919,BC64602
BK11760,BK11760
BE170774,BD55924
BB27005,BB27005
EF19209,EF19209
AP53306,BR4021
BH118367,BH118367
EH21023,BA4317
BY562407,BY562407
ER23499,DP33811
CW282572,CW414528
BJ28742,BJ28742
BW46811,BW46811
CW97262,CW97262
CW731158,CW731158
CW493590,CW794809
DE19446,DZ63983
DP2237,DP2237
DP16779,DP16779
CW69767,CN49414
CS31062,AG41019
CC16597,CC16597
DE240853,DE240853
DR108593,DR108593
BE63589,BE63589
BH121261,BH121261
EH754157,EH754157
DY35367,DY35367
CS2563,CS2563
BE246629,DB214820
EH489617,EH500524
DN106199,DN106199
DL6826,DL34561
EH742330,EH310644
AN17002,AN25830
CG101997,CG101997
BY97672,BY97672
EH783801,EH783801
BE277164,CC90770
CH7759,EH493601
DZ49217,DZ49217
DR98661,DR98661
DT93434,DT93434
BN26373,BN64377
CW159940,CW432278
BN38781,BN55390
EH795138,EH795138
BE120372,BE185331
DE5517,DE57414
BY255478,AN58164
AL53076,AL53076
BY275520,BY275520
DR13745,DR13745
EH179035,EH517157
EF81483,EF81483
BH72925,BH72925
EH852999,DL217565
BT8782,BT6964
AW70193,AW70193
CA37447,CA37447
CW74690,CW1224072
BN314690,BN314690
DD103399,DD103399
DH29514,CC47827
EH418114,EH418114
BL88343,BL88343
DM24394,DM24394
BL234512,BL234512
EH869747,EH869747
AW156122,AW156122
AG16466,AG16466
DB163866,DB241613
DN68422,DN68422
CW724237,CW724237
EF62613,EF62613
EH359746,EH338993
DG48954,DG48954
BN389316,BN389316
BN96686,BN265575
EC18110,EC18110
EH449699,EH449699
AF6010,CX14618
CC27814,CC49508
DL212552,DL212552
BN70370,BN67346
CW903241,CW1116923
EH425820,EH425820
EH340125,EH340125
EH69128,EH25087
BE153608,BE67693
AZ14908,AZ14908
BF9667,BF9667
EC13680,CP30799
BA3366,BA3366
DR80246,DR80246
AW159086,AW207677
DW53590,DW53590
BW2679,BW2679
BN22280,BN8271
DL191490,DL191490
EH688105,EH688105
BN323110,BN323110
DE250336,DE235955
ES10089,ES10089
EH362180,EH362180
BN264249,EL37267
DT34663,DT34663
AN158802,EF105027
CG54068,CG54068
DT11605,DT11605
EM4912,EM4912
BN10794,BN5388
BR146810,BR146810
CW40916,CW40916
BB91385,BB91385
AN136567,AN136567
EF50515,EF50515
DZ11513,DZ6647
CW398940,CW335047
BK11582,BK11582
DY29664,DY29664
AS69156,AS69156
CW553902,CW553902
EH396744,EH172108
DL212859,DL212859
BY349443,BY368950
BY333363,BY333363
BY182041,BY182041
DL187931,DL187931
EH706269,EH114297
CW326706,CW326706
BE276446,BE276446
ER15661,EP11991
EH40007,EH40007
BD67701,BD67701
BN156344,BN34242
BP15179,BP15179
BD23574,BD23574
BN178055,BN178055
BR174306,BR174306
BK35608,BK35608
BL124171,BL124171
DR88251,BL357344
DE109114,DE57010
BR15438,BR15438
EM38756,EM38756
CW438682,CW438682
EP59119,EP59119
EJ8836,EJ8836
BD78788,BD111530
AM74165,AM74165
EH225089,EH225089
CF7611,CF7611
BY550731,BY550731
BN175115,AW67975
CW170698,CW170698
AK75166,AK75166
EF42346,EF42346
EP3203,EP3443
CW683522,CW683522
CW386896,CW281299
CW859374,CW859374
EH204593,EH39070
EM80716,EM80716
BE51425,BE161398
EH426856,EH426856
BJ19448,BJ19448
EH58822,EH58822
EH604091,EH604091
AJ8730,DB11901
CB19037,CB66016
BZ27505,BZ27505
DN118238,DN118238
EP83195,EP83195
BM59451,BM59451
EA40646,EA40646
DN5031,CY5328
BE326329,BE326329
EH670677,EH186131
BY44611,BY44611
CW231936,CW243065
BY531422,BY23588
CM48567,CM31691
EH710246,EH710246
DB152083,DB152083
BY218909,BY704889
BN137493,BN165220
CJ128636,AS30139
EH361807,EH361807
BE49443,BE40839
CW775431,CW775431
BL197456,EH444079
EH525943,EH525943
CW496821,CW390928
AK23729,BR12085
BE295409,BE295409
BN348488,EH743608
CC115890,DL189371
BN50531,BN50531
BY500013,BY500013
DR74007,BL436208
AE9820,AE9820
CE6867,CE42105
AW54088,AW61791
EM32699,EM32699
BM49432,BM49432
DP8114,DP8114
AL168653,AL168653
BY388625,AA164161
CT7632,CT22074
CW586979,CW586979
BN65995,BN65995
EH728761,EH728761
BL115330,BL328289
CW615740,CW135316
EH199100,EH31397
BY218909,BY242424
BL36597,BL36597
EH819532,EH819532
DB46728,DB46728
CW348842,CW417449
BN148921,BN108025
BL353881,BL353881
DD11149,DD11149
CW318768,CW318768
CG136607,CG136607
DR107590,DR107590
DE115424,DE227424
BW16766,BW10192
DT33075,DT33075
DA43795,DA43795
CG74878,CG74878
CW232188,CW232188
BD70541,BD55608
DA97083,DA97083
BL288350,BL288350
CW118162,CW118162
AN99732,AN99732
CB38119,AW142669
DA90750,DA90750
BC44745,BC44745
AW184359,AW56808
BN306380,BN306380
CC59198,CC59198
BN381938,BN381938
CW332323,CW688205
DA90334,DA90334
EH269601,EH269601
CW79709,CW309989
AL214569,AL214569
DR10347,DR10347
BE194761,DL229444
DL116185,DL116185
BN70079,BN41523
CW465912,CW465912
DE69613,DE68424
BC45535,BC45535
BH86154,BH65683
EH593959,EH593959
DM8429,DM8429
EH732813,EH732813
BL174573,BL174573
DR16526,DR16526
CW198763,CW89539
CW552002,BD107257
EH5808,EH5808
AN7488,AN7488
CW346550,CW695378
AW57929,AW57929
BN363804,BN363804
EH248027,CG5091
BE260315,BE260315
EH381727,DS44244
EH750779,EH750779
AW93965,AW93965
EH488889,EH488889
EG27059,EG27059
CW861750,CW861750
BY90808,BY750095
BR168420,BL455151
EG14854,EG14854
AE11054,AE11054
EH684903,EH1108406
BN372801,BN372801
CW623862,CW381363
BY565674,BY565674
BL337598,BL337598
CW410297,EF88420
CW418264,CW418264
CW141201,CW141201
BY475667,BY475667
AE3996,AE3996
BY549649,BY549649
BD57591,AF15725
EH199979,EH199979
BY482457,BY482457
CW847489,CW847489
CW394800,CW394800
AL76854,EF202344
DG6472,DG6472
CW283386,CW434163
EH60200,EH60200
DL160377,DL160377
BN17349,BN8792
EH185142,EH436540
EH474434,EH474434
BN389081,BN389081
CW269114,CW121479
DX23219,DX23219
DM22554,DM22554
CA89040,CA89040
CT7515,CT7515
AN49058,AN49058
CW847245,CW847245
AL46164,AL98514
BH116593,BH116593
EA35207,CZ54749
BP44010,BP44010
AL106149,AL106149
AX19262,AX19262
CW13085,CW13085
DL194725,DL194725
DN54682,DN54682
BN346062,BN346062
BB66835,BB66835
BL47081,BL47081
EH125299,EH125299
AJ21760,AJ21760
BL344708,BL344708
CW619261,CW619261
DL23087,DL3866
DX12416,DX12416
DW53756,DW53756
CW431813,CW431813
DC16852,DC16852
DE113566,DE152769
AW49415,AW49415
EF9735,EF9735
EH50354,EH50354
EH402319,EH402319
EH101033,EH101033
DD43089,DD43089
CW424359,CW455129
CW822975,CW822975
BL257422,BL418932
BL301357,BL301357
EH409863,EH409863
DR102025,DR102025
DG2369,DG2369
CW348842,CW391129
CW660612,CW751764
BN49325,BN63832
EH40884,EH40884
BR84909,BR85592
AA153095,AA153095
DA96525,AG17878
CC46574,CC46574
EH513561,EH513561
BY17347,BY17347
AK11463,AK11463
BY21564,BY170676
CW500153,CW275423
AS68407,AS68407
EH566103,EH187503
BN278019,BN278019
BL170660,AE4167
CJ27270,CJ44663
CW707026,AW63869
BN26997,BN5388
BD95450,BD95450
DR9578,DR9578
BL311740,BL311740
DA37348,DA37348
BN419217,BN419217
EH473673,EH401748
AN62293,AN62293
DW28288,DW28288
CC32237,CC8894
CB47745,DL126956
CP4189,CP15639
BL379259,BL379259
EH602412,BY405419
BH60545,BH60545
BJ30533,BW2679
BY79795,BY65453
BN4956,BN6184
DD129895,DD129895
BY283428,BY283428
BY64147,BY137191
CW248681,CW253670
ES7610,ES7610
DB186656,DR46890
EH80650,EH80650
BE190523,BE190523
BL295380,BL295380
BN108485,BN130710
DZ20113,DZ20113
BL266035,BL229722
BZ29731,BZ29731
DA51349,DA51349
EH734635,EH734635
AW182318,AW182318
DR102658,DR102658
BY466699,BY466699
BY469651,BL426012
CW354524,CW128508
EB15557,EB15557
AN130352,CW357056
AN19455,AN19455
BL34545,BL34545
BE163336,BE62804
CW652333,AA122447
CX11755,CX11755
BN88149,EH153787
BC13710,BC13710
EF58673,EF58673
AN91746,AN91746
DA7577,DA7577
EH185142,EH277891
BL86966,DE237428
EH511095,BY69983
DZ40764,DZ40764
CW205208,CW337083
BE277164,DL126956
CG45192,CG45192
CW324329,CW324329
DB168061,DB212128
EM54760,EM54760
BL24316,BL262395
BR41087,BR41087
CW760263,CW760263
EH683516,EH683516
EN53501,EN53501
BY567720,BY291227
CW137187,CW137187
DD42956,DD58071
BH136490,BH72220
ER7250,ER7250
EH308543,DE253327
AK102185,AK102185
DL165136,DL165136
BL34524,BL34524
BH4902,BH4902
BM6916,BM6916
BR138345,BR138345
BE91751,CL31913
BL127734,BL127734
BL285122,BL252333
DE183416,DE183416
EH694297,EH694297
CJ20611,CJ20611
ED36826,ED36826
CW297516,CW297516
BE163744,BE277900
BY458506,BY458506
AL184112,AL184112
CW886818,CW1351521
BE89210,BE89210
AW140284,AW140284
DW57811,CW918254
BY555421,BY555421
BB89718,BB89718
BL321990,BL321990
EB58711,EB58711
DZ55685,DZ55685
CW153512,CW153512
DN45063,DE18414
CW126889,CW170998
EP30848,EP87789
EG15036,EG15036
AW13231,AW13231
BR134877,BR134877
BL301902,BN172364
BE318774,BE351308
DB17789,DB17789
ES14758,ES14758
CW100728,CW60405
EH393706,EH393706
CW897520,CW897520
BE15497,BE15497
DZ40730,DZ40730
DR54882,DR54882
BL367183,BL367183
EH218522,DN40101
BW30805,BW30805
EH157527,BN207950
DS100849,DS100849
BN287540,EH421210
DA24344,DA24344
CW245246,CW1315707
EH406151,EH449117
BK39757,BK39757
CJ46482,CJ46482
EP82811,AP9399
BM30123,BM30123
EH567798,EH567798
BL278358,BL278358
DT115699,DT115699
BJ9056,BJ9056
CJ38400,CJ38400
BN150964,BN150964
DE40886,DE40886
EM4357,EM29667
CW642295,CW675491
BN144310,BN144310
EH207062,EH207062
DB54414,DB54414
DR105526,DR105526
BD116872,BH145846
CW319918,DE51458
AL82294,AL82294
CW861551,CW861551
CY6417,CY6417
CW880356,CW880356
DE239648,DE239648
CW505284,CW505284
BR150786,BR150786
BN403155,BN403155
EH825135,EH588866
CW521753,CW521753
CJ101319,CJ101319
DA46321,DA46321
CG6925,CG6925
EH133456,EH46187
CS30718,CS30718
AX46206,AX46206
BL262232,BL262232
BF24465,BF24465
DD26830,DD26830
AA32061,DL9459
AL136846,AL191311
CW439277,CW371274
CW166389,CW166389
DD71082,DD71082
EH327608,EH434166
CZ51443,CZ51443
CW121773,CW121773
EH755538,EH755538
BR130477,BR130477
BL303569,BL303569
DN72980,DN72980
CW248974,CW248974
EH97716,EH97716
BY272649,BY226520
CW560829,CW560829
BN403070,BN403070
DP31420,BR107523
BN94234,BN272687
DE199946,DE199946
EH866285,EH866285
BN228945,BN228945
DT73862,DA24232
BJ26560,BJ26560
BN35675,BN19373
BB72954,DT53569
BY346093,AD26962
EF163042,EF163042
CW225299,CW888607
EF14199,EF14199
EH43676,EH43676
EH122980,EH122980
CW293204,DE113875
EH379672,EA48386
EH740008,EP29500
CY27900,CS28553
EF4325,EF2993
BY430346,BY430346
CG30594,CG30594
EH521175,EH335528
AP81834,AP81834
BH76474,BH76474
BL90018,BL90018
EM100600,EM100600
AT11849,AT11849
CW511403,EH609683
BR64995,BR35450
BN373760,BN373760
EH783256,EH783256
BY369354,BY109960
BN57653,BN11108
AK105393,AK105393
CC103618,AN128278
CW642295,CW638751
EH762203,EH762203
BD68609,BD68609
BN7066,BN70017
AX53093,AX53093
AA19172,AA19172
BY566591,BY566591
CW681124,CS26053
BN27518,BN165220
DE247348,DE247348
AS54686,AS54686
EJ12559,EH274777
DN15774,DN15774
EH87162,EH87162
CW59349,CW572635
EF28477,DX33847
BY423813,BY461787
BY430814,BY220267
BH99813,BH103015
BN29421,BN27629
EH736081,EH736081
CW471503,DL94330
BM32849,BM32849
BW40343,BW40343
DS40395,DS40395
EF150213,EF150213
DL35446,DL35384
EH564591,EH564591
AA8841,DL45767
BL17572,BL17572
CE20079,CE20079
DK31249,AW138545
EH341698,EH60606
BR84546,BR86558
BL49236,BL49236
EH484064,EH484064
DE207964,DE207964
EH833724,EH833724
DX35987,DX35987
EH733048,EH733048
DB207807,DB207807
DE37149,DE84435
AL110913,AL110913
EH6982,EH6982
EF107486,BE167601
AL146271,AL146271
BY295683,BY295683
BN119103,BN119103
EH370600,EH303176
AG38994,AG38994
CW167909,CW62973
EF44886,EF25522
BH145272,BH145272
DD65033,DD65033
BE294384,CE62836
CW880687,CW880687
BE175046,CW694034
EH708427,EH708427
EH865339,EH865339
EF19315,EF19315
BL55113,BL152036
BE56599,BE275028
EH414609,EH414609
DD42951,DD42951
EH792869,EH792869
DR30254,DR39079
EH566103,EH603560
AJ35902,AJ35902
EM7774,EM7774
BB44966,DL217565
DN116152,DN116152
EH3596,EH3596
EF86037,EF86037
BN173095,ES12556
DB198136,DB198136
DZ62578,DZ62578
DB225147,DB225147
BL91655,BL91655
EF131342,EF131342
BH19682,BH4825
BY394337,BY394337
AP37599,EH751727
EH82763,EH136174
EH22183,EH22183
DE40886,BJ3946
CW383435,CW383435
DB193594,DB193594
AW94512,AW94512
BL336480,BL336480
AW128937,AW128937
EB60374,EB60374
CG44542,CG44542
CW180422,CW20292
BY557622,BY508193
BE79162,BE79162
EH65639,EH65639
DR101614,DR101614
DB99811,DB99811
BJ33262,BJ33262
EH336116,EH210838
EH759936,EH759936
EH685157,EH685157
DA68412,DA68412
DD57075,DD57075
DK31589,AW154607
DK36222,BE113572
AL12914,AG36742
EF12592,EF12592
DT123732,DT123732
BD44875,BD44875
DC20764,DC20764
CW674202,CW674202
CW539954,CW677554
EM79204,EM79204
CW693595,DE145670
DL135344,DL163344
EL44785,AX50977
DK23983,AE17309
CS26053,CS26053
DD83009,CM43182
AX27011,AX27011
AX19634,AX19634
AL84125,DA58254
BK15743,CN46956
CW373181,CW404142
AE16626,AE16626
DE223012,DE223012
CT2188,CT2188
BD54302,BJ17045
BL165136,BL165136
CB21424,CB21424
EH171330,EH1229520
DN123496,DN123496
BH85239,BH141639
DL160838,DL160838
DP27255,DP27255
EH151033,EH151033
CH9753,CH12107
DA56394,DA56394
BD43283,AN58164
BN239533,BN154335
BE284542,BE210326
BZ29725,BZ29725
BY200470,EH207780
CW598360,CW752179
EL33664,EL33664
EH133404,EH133404
CA37997,CA37997
EH601428,EH601428
DT19190,DT19190
EH836678,EH836678
BZ31155,BZ31155
BL294209,BL294209
BY480746,BY480746
EH846276,EH846276
DT7392,DR59750
BN284943,BN284943
CZ70343,CZ70343
AL119976,AL119976
BM59435,BM59435
EH125539,EH125539
AK105714,AK105714
DN88716,EH295949
EA40340,EA4773
BN346029,BN346029
AA30180,AA81187
BR168280,BE411930
BZ17239,BN207950
EH287322,CJ73107
CW73496,CW2657
BE280035,BE280035
EB4528,EB4528
CW464484,CW464484
DB167018,CE47020
CY27330,CY27330
DD31451,DD31451
BN24786,BN73322
EH196093,EH196093
BB76709,DE120191
AL245247,AL245247
DG37813,DG37813
DB93161,DB93161
CE18304,CE18304
BZ9011,BZ9011
EF86721,EF86721
BL2357,BL2357
CW881116,CW881116
EH798618,EH798618
BY170676,BY105035
EH774244,EH774244
CZ47924,CZ47924
CW60791,CW196885
BD52889,BD52889
BR94676,AA93779
CW839277,CW839277
AL186803,AL186803
CW321666,CW220287
BL266005,BL266005
EH759182,EH759182
EH60944,EH60944
CA39399,AW199008
BR46218,BR46218
EN46943,EN46943
CM54021,CM54021
AL95772,AL95772
DX27154,DX27154
BN262557,BN354377
EH257713,EH257713
AP13082,AP13082
CZ70832,CZ70832
AJ17844,AJ17844
CY23151,CY23151
CW308914,CW308914
BC55671,BC55671
CG60928,CG60928
DN52994,DN52994
EH202579,EH202579
CW520987,CW520987
CW685395,CW685395
CW790448,CW790448
AL123577,BL116003
BR12615,BR14878
AW120568,AW120568
CW209393,CW1059173
CW202018,CW202018
BY40959,BY254764
EF117863,EL37267
AL162174,AL193885
CW168962,CW761085
EH253758,EH253758
EH684903,DP32872
DC11955,DC11955
EB14924,EB14924
AB8374,AB8374
DL185989,DL185989
DL135336,DL94330
BP35452,BP41610
DG35996,DG35996
CW872479,CW359458
BY508879,BY508879
DE151251,DE16133
EH657112,CC42416
CP37447,CP37447
EH769096,EH769096
CL31431,CL31431
AP39647,AP39647
BE225260,BE225260
BZ52753,BZ52753
CA93319,CA93319
DR49636,DR49636
DH19081,DH19081
BL84110,BL54349
EF86953,CS9173
EH438345,EH650440
BN54694,BN55167
DX26165,DX26165
CC92674,CC92674
CX15345,CX15345
EH683081,EH683081
DR26304,DR26304
EH205869,EH205869
EP61461,DX35199
EH732321,EH732321
EH841454,EH841454
EH264006,CW253920
DB209559,DB65641
CJ74413,CJ74413
EH859701,EH859701
ED5760,ED5760
AK18971,AK18971
BL132479,BL132479
EH374077,EH374077
BE294384,DY16519
CN75850,CN75850
AN61158,AN61158
EH388108,EH388108
BP42983,BP42983
BR72366,BR72366
BM7940,BM7940
DB83834,DB170393
BE11892,BE11892
DN70366,DR105588
DN96792,EH450432
DJ5999,DJ5999
BN313003,BN313003
BN71240,BN71240
CW45529,CW104625
DY33518,DY33518
BE222014,BE65786
BY221718,BY132766
CH49088,CH49088
AL239479,AL239479
CW893573,EH733972
DA96031,DA96031
CY27196,CY27196
AN114802,AN114802
BZ27845,BZ21077
BG11002,BG11002
CJ123561,CJ123561
CG17846,EB52869
AX24629,AX24629
CY14638,CY14638
AL57251,AL57251
EH193196,EH362485
DA99009,DA99009
EH185177,EH223386
DN100601,DN100601
DA44111,DA44111
BP47486,BP47486
BW7524,BW7524
BM57135,BM57135
EH394311,EH394311
CH47641,CH47641
DR66242,EH673073
ED24729,ED24729
EH167477,EH167477
EG4148,EG4148
EH238321,EH238321
BN126165,BN126165
EH370689,EH370689
DR7587,DR7587
AN116905,AN116905
DM29370,DM29370
CG109646,ER8536
DT29173,DT29173
BY527656,BY527656
EH616696,EH616696
DS77447,DS77447
BY302744,BY302744
BH93467,BH103162
DE187766,DE187766
AW149229,AW149229
CW412909,CW412909
AL55516,AL55516
CW384239,CW384239
DE52265,DS22745
BN90368,BN50233
AK48520,DX46376
ES16967,BB49478
CW283456,CW283456
DL176400,DL176400
AA149840,AA149840
CH7759,AZ9974
EH634746,EH634746
DL10167,DL27336
EM64099,EM64099
EH686094,DE126375
BE159865,BE119448
DG48505,DG48505
AA138092,AA138092
DJ2862,DJ2862
DN40928,DN40928
DE218351,DE218351
CW333916,CW292747
EM28896,EM28896
AN17857,AN17857
DR108881,DR108881
DE193517,DE193517
ER23499,EH561881
EH868949,EH759801
EH486676,DD51045
CW237257,CW213218
EH302279,EH302279
CN58787,CN58787
BE157096,AW101467
BN45929,BN36861
CG2384,CG2384
EM95254,EM95254
AS59652,AS59652
BM16542,BM16542
DE190374,CG83502
CW491866,CW491866
DE75834,BW15150
BY550402,BY550402
DB146309,DB146309
EH844173,EH844173
DL180739,DL180739
BY40879,BY40879
DT76802,DT76802
DB42696,BH92919
CW101236,CW140650
BW25460,BW25460
EH852999,BW21844
CW888023,CW144381
DT74048,AN51713
EN13041,EN13041
DE224855,DE224855
AP2100,AP2100
CW169578,CW561436
BN47607,BN59341
DM28900,DM28900
AA88288,AA117662
AM30368,AM30368
BH140754,EM2986
DL13715,DL29745
AN59900,AN59900
CW526540,CW526540
EN56980,EN56980
DR89663,DR89663
EH787453,EH787453
BZ54122,BZ54122
EH70724,EH70724
CM43004,CM43004
EH193196,DL126956
AX51793,AX51793
AW60970,AW60970
BZ56009,BZ56009
CB31803,BL327303
EH82763,EH82763
BE323153,BE323153
EH21444,EH175908
DW49413,DW49413
EH682578,EH682578
DL196594,DL196594
DE112961,BL152673
AA71224,BL133431
BH43735,BH43735
AP40606,CC90770
EP58898,EP58898
BL337810,BL243102
DL184304,DL184304
BD102829,BD102829
CW468487,CW340513
EK16243,EK16243
AA166179,AA166179
DE132523,DE132523
CZ35959,CZ35959
DL129019,BP40638
EG18436,EG18436
BE126575,BE261560
BN419092,BN419092
BN27518,BN6184
EH311049,EH311049
BJ21707,BN303475
AY7557,AY7557
BN353864,BN523244
BE292015,BE292015
BN77840,BH43808
CW702134,CW702134
AZ14389,AZ14389
BN70274,BN5388
BD106653,BD106653
AW150712,AW150712
EM90339,EM90339
AA115094,CS17073
EH419714,EH419714
CC13930,AL125656
AK5082,CW31789
AK67535,AK67535
AN111215,AN185326
BH76328,BH76328
EH788088,EH680489
BR76035,BR52941
CN23543,BY470967
BZ31059,BZ31059
CA86199,CA86199
BK39091,BK39091
EH675012,EH675012
BL14992,BL14992
CW724012,CA58588
CR24771,CR24771
AW51458,AW51458
DA59654,DA59654
AW121721,DB129090
CW163815,CW163815
BY200677,BY162808
AW83691,AW83691
AA56192,AA56192
BR138329,AP71380
AL66400,AL66400
EH275353,EH275353
EH533059,EH265267
AL51042,DE78003
EH108291,EH108291
BM62884,BM62884
AK110484,DE120966
EH98290,EH98290
BJ30005,BJ30005
